y

TO RECEIVE THE DATA IT IS VERY IMPORTANT TO HAVE GOOD ELECTRICAL CONNECTION
     ***  DURING THE ENTIRE DATA TRANSFER!!!  ***


   ARE YOU READY (y/n)?>y

TYPE DATE (GMT). Use format: dd/mm/yy.
Do not use BACKSPACE key.  This is a terminal (not a word processor).
>12/07/13

TYPE TIME (GMT to nearest min). Use format: hh:mm.
>15:02
   Please wait for prompt ">".

The timer value is:  0432D 01H 44M 39S
20 9C 14 91 91 91 91 3A 92 1E 15 1B A9 02 9D 28 28 AA 02 02 04 93 28 F8 D1 
27 27 27 9B 28 A0 28 92 28 27 27 27 23 1F 1D 23 25 26 24 26 27 26 26 24 1D 
20 28 95 26 27 28 26 28 27 27 26 25 23 20 1F 22 26 94 28 95 28 27 9A 28 B0 
28 9A 28 1F 1E 27 93 27 1F 23 9A 27 92 28 25 27 28 93 27 25 22 20 1E 20 1F 
1E 1E 1C 20 27 28 92 24 27 28 28 27 28 24 19 15 14 10 0D 14 14 15 19 19 17 
16 13 11 10 11 0F 0C 08 05 05 05 05 05 06 04 03 03 02 02 02 01 01 01 91 91 
77 01 02 01 01 2C 01 01 01 01 02 03 02 02 05 09 0C 0B 0A 09 09 0A 0C 0C 0C 
0F 0F 0F 0F 10 14 14 15 16 17 15 12 0F 0D 10 14 17 17 18 1A 25 23 1E 20 28 
92 28 28 25 20 22 23 27 93 28 24 25 95 28 25 A4 28 BF 22 28 92 27 23 28 BF 
25 1F 1A 1A 1A 1F 28 C6 FA FC E2 28 C1 1F 19 17 0D 09 07 08 06 05 06 09 0C 
11 14 16 16 17 16 0E 09 06 02 02 03 09 0E 14 13 0E 03 02 01 29 06 0C 10 13 
12 0E 0A 08 07 04 03 02 03 03 02 02 01 01 01 91 91 54 11 0E 09 09 09 07 08 
08 09 09 09 09 09 09 0A 0A 0A 08 0A 09 0A 0B 0B 0B 0B 0B 0B 0C 0C 0B 2D 14 
06 05 07 65 01 2B 01 92 26 20 1C 18 17 17 1A 1F 1D 22 1F 1E 1E 1E 1F 1B 19 
19 1A 1C 22 94 28 DD 27 22 25 21 96 28 26 27 9A 28 B3 28 28 02 01 02 07 05 
02 02 03 02 01 01 91 7D 05 20 1B 15 91 91 6D 01 31 01 01 2A 01 02 04 05 07 
14 12 11 14 11 0B 19 17 15 1A 1A 18 19 1C 1F 1E 18 14 10 14 1B 25 24 28 AE 
28 9C 28 A5 1F 1F 19 1C 19 91 50 FA FC 91 4C 93 28 02 02 02 01 34 01 2A 02 
01 01 2E 94 25 20 93 1C 17 18 1D 1C 26 92 26 27 25 22 1F 1F 1C 1A 1A 1A 91 
91 32 03 3E 03 05 05 0C 0A 0B 1C 16 19 16 14 01 04 05 0E 18 F8 F8 F8 CD 1D 
98 22 B3 1C 92 1A A2 23 A7 27 92 29 93 27 24 15 02 1E 14 0E 91 91 39 04 2C 
0A 1B 2A 1C 29 16 2A 20 93 0E 93 0E 29 94 22 9A 28 97 19 99 26 96 25 AA 28 
F8 A4 1F E5 FA FC E2 22 9A 18 9B 1A 04 B0 16 AD 1F 99 12 10 9E 16 1E 94 11 
92 13 19 29 06 91 91 40 01 05 2A 19 29 03 95 07 A4 29 99 29 F8 F8 F8 D1 20 
99 1B A6 20 92 22 0D 9C 13 10 94 12 02 14 29 10 92 14 26 92 0F 29 26 95 05 
03 07 03 29 01 2E 01 91 91 40 92 29 21 09 2A 05 92 03 1B 03 93 09 12 29 10 
04 29 93 04 92 0E 05 92 18 92 1A 1E 92 2A 93 04 93 18 9B 0F 21 93 28 29 92 
15 20 04 F8 F8 9F FA FC A6 26 9A 14 95 22 93 10 96 25 26 92 23 97 27 96 17 
94 0D 15 94 12 15 92 12 0B 92 06 95 15 9F 14 97 18 13 A1 27 1D 92 11 29 04 
93 28 15 13 18 94 29 1A 9C 29 92 28 92 0E 09 92 02 2A 1D 02 25 22 92 28 29 
92 1C 01 92 1E 29 92 14 0A 11 29 0C 1B 1B 92 0B 0B 29 06 09 29 02 2A 92 2A 
92 05 0C 08 2A 1A 29 04 10 0C 91 91 37 03 2C 12 2A 02 11 92 10 92 16 2A 92 
0E 93 02 03 29 04 15 1C 29 93 12 92 08 93 1B 95 16 92 27 92 0B 99 16 9A 1E 
A6 10 AE 01 9B 0F 95 29 93 0F 28 0D 16 21 96 09 92 13 97 29 1A 92 1C 94 17 
92 27 92 15 92 0D 16 93 29 92 25 1B 27 94 0B 92 26 98 0E 93 28 0F D5 28 93 
11 97 11 BA 0E 94 26 94 03 92 29 03 93 19 92 0F 27 95 29 A3 29 9E 14 2A 98 
27 A4 25 9C 29 14 94 17 96 29 92 28 94 28 14 92 28 29 92 03 04 A0 06 0E 27 
11 0B 92 1F 29 22 9E 29 26 01 92 22 93 1C 25 15 2B 18 13 09 08 2A 02 02 91 
91 43 01 08 1C 1E 27 0B 2A 08 0D 09 0B 13 16 93 18 92 12 29 95 08 29 13 9C 
05 07 06 96 18 94 06 93 25 06 9A 29 CF 24 F4 05 A2 16 B5 FA FC 9C 26 DB 15 
21 92 29 B0 0F 95 0A 04 02 92 18 9F 0A 29 93 14 92 29 93 29 94 29 92 0E 19 
04 28 96 29 14 16 9A 24 12 28 92 27 92 1C 0B 1B 93 27 92 20 20 1D 05 19 1C 
23 15 11 06 91 91 36 01 07 0E 2A 1F 22 02 2A 92 27 2D 03 2A 92 03 92 18 29 
04 0D 29 92 2E 92 29 94 2C 9A 29 93 28 93 1B 0E 92 25 99 29 23 97 29 92 08 
18 20 9B 29 95 1A 93 07 92 15 99 26 96 13 17 9C 0A 95 17 92 04 19 92 11 9D 
1E A7 26 B1 17 96 1B B4 1A AC 18 9E 0D 93 1B 0E 1A 02 93 1F 9C 09 A6 1F A4 
24 96 26 9F 26 92 1B 94 0C 96 27 29 92 23 9B 12 93 06 93 04 92 1A 93 18 92 
19 92 18 99 2A 09 29 0A 04 02 29 92 29 94 29 9B 29 1A 94 29 92 29 0C 16 93 
29 1F 92 02 28 01 92 01 29 9C 14 26 92 1A 15 15 27 14 03 2B 01 91 91 39 04 
14 19 92 0A 15 08 29 92 2B 92 2B 92 07 20 92 29 0C 05 29 09 0F 14 94 28 95 
01 04 04 92 15 05 92 2B A5 27 B7 11 07 14 93 15 B2 28 F6 08 17 22 07 95 15 
02 08 93 09 A3 02 93 29 0F 94 0C 92 FA FC 96 1B 95 23 19 1E 92 15 03 98 0C 
05 29 01 93 12 03 02 99 23 92 08 B1 08 95 0C 93 29 02 12 94 1E 07 A2 15 0F 
0E 97 29 92 29 9D 29 02 0A 29 05 93 06 07 93 1B 92 0A 92 0D 06 16 92 15 92 
03 92 29 97 28 27 93 24 94 28 18 18 1C 29 27 98 11 92 15 15 92 03 13 06 01 
06 23 21 20 02 02 02 2A 02 91 91 3F 14 29 02 03 03 2C 04 1F 2C 92 0A 92 16 
11 01 09 14 94 21 92 23 0B 29 0A 95 29 25 93 2A 96 09 92 0B 2B 92 26 97 07 
92 29 16 29 9C 1A 93 26 A0 25 9C 18 99 22 A2 18 C1 22 DC 22 F8 C9 28 9F 18 
92 24 B8 1B 1D 1A 1A 1B 0D 0E 20 1C 92 25 08 2A 18 91 91 36 01 2C 08 2B 03 
02 2A 09 19 05 01 01 29 05 29 03 03 07 93 17 93 1A 29 07 09 2B 92 13 17 30 
92 1A 2B 01 2A 03 0A 2A 0A 92 29 20 92 04 94 20 10 94 21 01 1A 29 92 06 93 
2A 93 07 0A 01 13 27 95 2A 94 02 18 07 92 20 93 1D 92 29 93 24 16 92 29 13 
09 92 1A 29 02 28 92 01 92 05 92 09 06 1C 11 1C 05 98 15 12 25 97 01 92 14 
96 22 08 D2 1A D1 FA FC D8 25 05 27 C1 29 95 18 99 15 92 1D 94 0E 0A 95 14 
05 03 29 19 94 21 94 0B 15 0C 94 2A 92 05 02 0F 92 16 92 04 92 13 01 01 29 
02 A1 24 21 1D 17 16 0F 29 07 02 91 91 3B 07 0B 0A 04 02 05 04 04 05 03 07 
09 10 29 14 03 2C 01 04 0A 11 21 94 19 28 28 2A 05 92 10 92 02 12 17 2C 04 
93 28 22 29 18 92 06 07 06 19 2C 13 92 0A 92 02 92 2B 11 93 24 92 29 92 19 
93 28 28 1A 92 01 92 29 92 1F 96 28 99 20 92 21 A4 03 9E 28 CA 27 F8 EF 29 
A2 29 96 21 92 16 9F 08 95 02 17 94 01 20 93 1A 97 27 98 04 1B 95 17 14 96 
01 22 12 20 1A 93 1E 04 0D 92 03 01 16 1B 29 01 2A 01 91 91 2E 08 14 2C 01 
05 07 2D 92 04 07 03 1C 29 07 1B 92 29 0D 93 0B 93 29 18 93 0C 1C 29 92 29 
92 07 03 2A 01 29 11 28 92 25 11 2A 12 29 0B 15 92 04 92 02 29 93 28 2C 09 
29 92 29 19 02 29 93 0F 96 1E 28 08 03 2A 92 11 28 96 1C 92 14 09 95 19 93 
17 9F 14 04 92 27 1A 0C 98 1B 15 F8 C2 FA FC F8 B0 28 A8 23 9C 25 93 24 99 
0E 95 21 93 0B 14 1B 05 10 20 92 29 11 04 18 15 2B 1C 1B 03 08 29 01 2A 04 
02 91 91 01 06 05 29 01 2A 07 2C 04 08 29 01 17 18 2A 04 2C 06 25 29 22 28 
0E 92 14 9F 04 14 92 0B 29 0F 19 29 92 27 97 23 96 0F 92 23 1F 20 AA 15 AD 
14 F8 F8 E2 14 15 93 16 A9 23 94 05 94 1E 23 1A 95 10 28 92 07 0A 9A 26 92 
26 24 93 27 95 1C 21 92 16 99 20 04 20 29 27 1B 06 01 2A 0A 91 8F 01 29 05 
2A 01 01 03 2D 18 1A 0A 14 92 1C 05 04 29 14 95 29 01 94 0C 0F 06 29 02 92 
17 9C 13 28 29 26 0A 0F 92 05 0D 94 02 92 15 29 9A 14 94 25 92 05 E9 22 9C 
25 19 F8 9D FA FC F8 CD 0B 94 25 2B 04 29 03 29 93 03 92 01 92 29 92 29 19 
2A 92 02 1D 29 1A 12 29 20 2B 99 26 1E 04 1A 0F 10 09 05 91 90 02 04 04 2B 
04 07 04 30 92 18 2B 27 1A 06 29 92 29 17 02 29 1F 25 94 1E 07 05 16 93 06 
29 01 13 2B A0 28 1E 19 96 1A A2 17 93 19 15 1C 16 98 04 F8 F8 F1 28 95 27 
93 26 27 14 93 20 02 25 A9 1B 92 11 92 1A 13 95 14 0B 16 97 27 1D 95 0F 98 
10 0B 1F 93 28 92 28 28 1C 93 02 0A 24 11 27 12 01 01 09 1D 1F 19 12 11 0B 
05 06 07 04 91 8F 05 2D 04 31 04 16 10 08 2B 28 29 25 04 05 93 1D 08 29 05 
92 05 1B 93 09 05 27 29 92 06 97 14 96 28 1E 29 0A AD 17 94 01 06 F8 F5 FA 
FC 9D 08 23 99 1E 96 1D 03 E9 21 94 27 99 29 04 07 93 15 9A 1B 95 10 0A 92 
27 A0 25 18 92 15 92 26 93 19 04 97 05 29 14 92 2A 0B 29 93 05 22 29 92 0A 
0C 2A 92 29 0A 2A 19 17 91 91 2A 07 2D 13 14 92 2A 14 29 02 04 17 29 28 2D 
10 92 10 29 16 13 96 25 12 05 08 93 2A 04 0A 93 04 18 93 1B 29 28 94 14 13 
95 11 15 07 01 92 02 94 11 9B 22 C8 21 95 07 02 14 92 0A 05 04 29 F8 93 13 
F8 97 27 B1 27 96 28 AF 0E 93 25 A1 19 A0 02 98 1E 09 09 0C 1A 1A 93 10 13 
1B 1C 01 29 21 18 05 1C 1C 29 01 06 03 29 0C 12 91 91 32 01 2A 02 0A 2C 12 
16 17 2B 92 2A 0F 02 26 29 18 2C 19 24 29 03 29 93 0A 0E 29 01 92 20 1C 94 
18 1C 92 20 92 12 92 18 2B 92 2B 93 18 93 09 07 98 09 01 92 12 92 18 05 0E 
92 23 2C A3 29 F8 A0 1F 98 0F 92 0E A5 26 27 B3 FA FC F8 BA 21 92 1E 96 1D 
92 26 9E 21 01 17 92 06 13 12 15 96 24 92 0A 92 2A 26 03 92 02 13 92 2A 09 
29 1D 92 06 06 05 02 2A 02 29 01 0B 29 07 2B 06 2A 06 91 8B 03 2D 12 2B 07 
06 09 2B 04 92 1B 1C 92 29 0A 17 15 29 17 27 95 28 95 26 02 95 20 0F 92 09 
0C 01 94 0E 29 20 92 29 19 93 1B 92 1B 93 29 94 29 9E 07 05 29 9A 03 1B 09 
0A 16 A5 1D 92 23 AE 12 C7 23 CF 14 97 18 28 92 10 92 02 03 25 28 98 29 9C 
14 C2 12 95 1F A8 01 99 17 03 11 92 14 94 2A 97 19 19 10 94 22 26 0E 93 24 
27 92 13 1E 04 93 2A 08 92 03 95 29 93 1B 22 92 04 29 03 06 14 96 04 14 92 
29 02 0B 29 02 29 07 92 04 0B 14 07 09 15 0E 93 14 0C 09 05 94 2C 15 17 04 
10 1F 29 03 07 13 03 04 0B 93 27 92 27 2C 0A 2B 01 2D 04 91 8B 01 02 03 2A 
03 2C 0B 2A 24 0D 04 1E 23 1F 22 01 92 18 92 29 92 17 92 2C 92 29 92 28 92 
2A 92 0A 2C 03 14 2A 04 2B 92 17 23 96 27 A2 29 92 29 92 2A 92 1E 94 24 98 
15 92 13 92 22 0B 92 17 9B 03 92 2A 92 02 92 2A 99 29 01 04 29 02 1E 1B 93 
2B 04 0C A7 28 9A 2A AC 1B A9 27 A4 24 93 05 AB 1E 9F FA FC 93 29 A1 20 F8 
A6 1A 99 21 96 29 07 96 14 01 92 1E 92 2C 27 29 09 17 92 08 15 2B 16 29 23 
22 1F 1D 1A 07 0A 04 03 19 25 22 20 20 1B 1A 16 11 0F 0A 09 04 03 2B 03 91 
91 2A 10 29 03 2A 03 2D 0F 06 92 2B 02 92 25 23 21 93 1B 92 22 93 08 92 08 
14 2A 92 03 14 0B 14 05 29 23 14 92 19 93 22 1B 2A 11 92 29 93 29 0B 94 24 
92 29 25 24 94 06 99 13 98 0C 93 20 9B 29 0C 07 A9 23 92 27 A2 20 92 29 08 
19 97 1E A9 0E 29 B6 1C 9E 15 93 03 94 29 96 0E 1A A3 28 97 28 9C 22 96 22 
AA 21 9A 14 21 25 93 12 98 28 93 22 0D 92 24 92 24 06 29 94 0F 29 95 28 93 
03 95 0C 01 25 93 28 16 92 29 93 29 07 03 11 92 14 02 02 94 07 92 0C 93 02 
0E 95 29 0B 02 29 9A 13 19 92 29 02 29 06 92 17 9D 08 28 97 02 93 0D 1A 92 
18 92 06 09 02 92 16 10 2C 0D 10 29 93 03 03 92 03 1F 1F 06 18 2A 92 0C 16 
92 1C 93 16 92 29 02 04 29 1A 2A 17 1D 17 15 0F 0C 07 07 02 2B 15 12 2A 04 
91 91 0A 29 11 2A 01 29 16 29 02 29 92 29 07 2A 03 06 02 93 15 92 03 94 01 
1F 94 29 02 12 94 08 03 93 1A 92 09 92 22 19 92 16 01 05 19 15 92 1B 97 1F 
93 26 97 06 96 0D B1 28 A5 25 92 10 B2 27 B8 1A 1E BA 1F A1 1A 16 94 0C 94 
1C 99 29 93 20 92 FA FC 9E 27 D0 07 92 1C 94 28 93 18 92 29 28 94 1C 93 29 
94 14 A5 21 96 1A 0E 29 20 29 20 15 93 10 12 93 27 09 27 2B 92 08 01 01 93 
05 92 0B 1A 05 0B 29 92 29 92 2A 92 03 92 01 93 17 94 0D 92 06 2A 07 04 03 
29 16 29 93 01 0D 92 29 03 02 2A 11 0F 02 29 0A 34 09 91 91 29 04 2E 21 2D 
0C 92 2B 92 0E 03 2A 04 03 2F 27 93 29 05 2D 0B 03 92 16 92 11 92 29 02 29 
02 19 08 29 04 92 04 92 1C 92 07 24 28 93 29 14 29 06 2B 22 28 02 09 01 08 
04 92 29 0C 92 0B 92 11 05 93 06 92 19 13 29 92 09 93 2A 20 06 29 92 1D 04 
92 1E 0D 29 26 93 18 10 28 05 92 2A 27 93 29 93 29 20 1B 0F 93 01 20 03 1C 
04 93 0B 1F 9E 21 1A 1F 92 29 92 18 26 93 29 1B 24 29 95 1E 93 19 93 05 17 
94 24 03 1C 92 28 0A 10 92 27 99 29 A2 1F 94 14 97 1B 27 14 0F 94 12 93 1D 
14 94 25 A7 29 1E 9A 28 95 02 CC 1D 92 1C 92 06 9D 29 96 1C 96 11 97 1F 92 
1D 97 04 95 10 95 22 92 29 95 01 05 9C 28 16 96 29 0C 95 04 17 2C 1B 02 93 
1F 92 28 19 09 92 18 21 29 19 29 02 92 07 19 94 0C 2B 92 29 1A 92 2A 92 03 
29 19 29 01 92 08 24 31 11 2E 02 2D 01 29 0F 91 91 35 0C 32 06 2A 13 05 2C 
22 20 20 29 05 2F 92 05 2A 08 15 2A 24 92 06 2C 03 02 29 03 29 92 22 29 01 
2E 09 29 08 29 92 1B 14 29 93 0F 03 1D 97 0D 92 0C 07 18 0A 29 02 06 29 27 
93 29 10 28 92 2C 95 05 05 92 17 92 07 92 1C 21 92 0A 06 29 92 05 0C 29 92 
05 2A 01 92 06 03 29 0D 93 02 29 0D 1C 12 95 1C 05 92 29 92 12 92 29 05 29 
03 92 29 92 1C 1D 14 93 06 1A 92 03 29 01 93 20 17 94 29 92 0C 19 96 09 28 
92 29 93 29 14 92 18 1C 29 01 93 23 92 13 93 1A 92 1D 2A 12 96 0A 93 29 03 
29 0F 0A 22 0B 92 29 25 95 16 94 02 0F 99 1A 93 29 95 23 92 13 26 93 07 0A 
93 19 1D 1C 93 0A 01 96 29 95 1C 96 FA FC 92 04 01 92 2A 94 26 9F 18 1D 93 
25 92 29 17 1F 05 92 29 19 92 29 92 13 92 15 1D 27 93 21 0F 29 92 0D 08 29 
20 0F 93 14 04 07 1B 92 13 93 16 13 11 93 19 93 1C 2C 13 29 02 29 05 29 92 
05 2B 04 02 29 92 03 1C 92 11 29 02 92 02 03 1F 29 08 0C 04 29 05 06 10 92 
06 29 05 92 2A 02 05 16 93 02 05 01 93 14 29 96 29 92 2C 18 16 06 1C 93 07 
0F 92 1B 2B 02 09 29 92 11 92 2A 01 24 95 2C 21 2A 92 29 92 29 92 2C 92 24 
04 29 28 29 92 0B 2E 1D 2C 23 91 91 44 28 2E 09 29 03 2C 15 2C 93 03 2A 03 
2E 92 2A 08 13 29 01 0B 92 02 2C 02 04 18 29 92 29 1A 29 02 2B 0C 2A 01 22 
92 01 2C 28 0A 92 2B 07 01 29 10 0F 29 03 92 19 04 29 15 29 0C 29 0C 07 92 
17 21 2B 92 1C 13 92 2A 11 29 1C 92 06 29 0C 29 96 2B 15 92 09 07 0D 92 2A 
1E 92 0F 93 1B 93 1D 93 22 19 12 04 0B 07 2B 19 01 92 2A 92 1D 92 08 08 02 
92 24 05 1C 95 27 25 09 93 29 92 23 92 23 29 92 29 0A 29 03 05 96 2B 05 29 
14 06 06 03 21 92 1F 93 29 94 29 97 29 97 02 96 14 23 92 10 29 03 29 95 0C 
18 93 26 92 17 97 1D 9C 05 14 07 92 15 0D 94 14 93 29 92 07 97 29 21 95 17 
29 28 93 1D 27 95 1E 93 10 92 16 29 9E 1E 05 93 29 94 2A 97 27 93 07 92 29 
1D 93 29 1C 15 93 03 2A 04 1C 93 20 92 07 98 19 1F 29 92 17 92 13 07 29 21 
93 16 0B 93 11 24 92 0D 1A 09 1B 92 29 92 29 92 27 93 29 92 08 2A 94 29 1C 
14 25 92 0D 92 29 98 14 17 95 15 15 94 29 92 29 92 29 0D 25 93 02 05 29 92 
04 29 92 1A 92 25 2A 92 11 18 2A 93 0E 12 92 0F 93 14 93 22 93 26 08 2A 03 
24 0F 29 01 2A 19 2A 01 2A 03 91 8F 08 14 2B 03 29 92 2E 01 92 29 93 2D 28 
10 2A 1C 22 2B 10 1D 29 94 05 15 24 92 01 05 92 21 0C 2B 04 29 01 2A 92 03 
15 12 92 11 92 0D 10 29 92 10 93 29 14 29 0C 29 0A 93 03 11 93 03 0A 94 1C 
92 06 94 20 1E 04 93 01 95 25 94 29 16 29 10 15 92 1A 27 1A 18 93 07 9A 29 
12 09 04 08 14 9C 29 97 1C 18 94 24 09 28 92 19 14 0E 96 03 94 23 9A 29 16 
AB 17 B2 27 AE 26 1E 02 99 25 97 25 95 FA FC 96 27 A0 13 1D 9E 29 92 16 20 
94 0C 98 14 2A 92 26 92 09 06 1B 93 13 14 92 28 0D 18 93 27 0A 29 93 02 92 
1C 29 92 0E 29 11 92 20 92 05 0A 29 26 92 29 93 02 92 02 2A 92 04 1A 29 01 
92 27 93 0C 92 29 02 02 0F 10 93 04 2B 28 0A 1C 02 2A 02 06 2F 92 2D 16 93 
29 92 1B 01 2B 14 92 2C 02 19 04 35 06 0B 2B 92 2B 15 2A 05 36 05 2F 01 91 
91 33 12 2B 0E 29 11 29 0E 2D 04 2C 1D 10 2A 92 2A 22 93 04 92 26 29 22 09 
2A 1D 03 07 2A 06 2A 92 01 29 93 22 99 0D 94 02 11 93 17 93 29 92 23 29 92 
2A 93 21 96 0E 92 05 29 05 1E 0C 93 1C 92 2A 92 08 2A 28 2A 0B 0A 94 29 93 
12 92 03 06 92 16 0C 2A 07 A2 0F 9A 1B 94 29 97 20 24 94 29 95 1C 92 0C 98 
12 92 2A 27 29 28 9B 29 09 9C 19 96 29 92 0B 03 92 2A 99 29 16 96 15 98 09 
97 14 9B 01 01 95 20 0B 92 07 08 1F 94 1E 29 92 27 9C 18 26 29 93 0B 95 23 
92 21 93 28 92 29 0C 95 1A 27 0E 93 24 94 29 9A 18 94 04 9A 03 2A 08 97 0D 
95 08 92 27 92 24 93 0B 92 1D 29 92 19 96 06 29 1C 95 2A 02 18 93 1A 29 92 
25 93 2A 14 92 27 92 29 07 0D 29 16 93 26 04 06 29 14 14 1A 93 0F 2B 19 94 
12 09 1B 92 29 93 29 02 1F 27 06 2B 92 29 94 29 95 02 2B 92 04 13 93 0F 01 
92 11 2A 02 2A 01 32 01 2B 01 01 29 92 06 1F 29 1A 29 02 2A 05 01 91 91 2A 
02 2B 21 2E 92 05 15 2A 1C 2B 0E 28 02 06 15 2D 02 92 16 13 10 1F 29 04 94 
2A 1B 28 2A 07 29 92 10 1F 17 0D 07 0B 2D 23 29 0A 92 03 28 1C 16 92 04 2A 
06 2A 1F 97 10 29 14 24 18 29 08 94 29 92 02 29 1D 29 02 22 92 29 0E 94 06 
29 28 18 29 93 12 92 16 28 99 12 29 01 92 28 28 92 28 29 93 04 2A 0E 29 24 
29 1A 92 29 92 29 92 1E 02 96 25 92 14 92 0A 26 93 06 94 29 96 1B 9F 29 92 
28 29 95 0B 92 1B 16 93 29 97 08 94 21 94 1E 96 15 96 27 25 29 93 18 95 16 
18 0A 93 0C 29 03 95 07 92 06 11 92 0F 12 29 92 14 29 0F 0D 28 92 0D 29 0F 
29 17 29 92 01 05 17 0D 92 29 11 0D 0F 29 93 11 92 1E 2A FA FC 29 94 0A 2A 
14 04 29 04 29 92 2A 93 0D 2A 22 01 02 2A 0A 2A 0A 29 92 11 92 05 2C 94 03 
17 2A 92 11 26 0B 93 29 94 05 92 16 18 93 29 9A 29 18 92 08 28 93 04 11 1E 
2A 27 29 93 0A 92 03 98 05 94 04 92 29 94 19 2A 0D 95 03 93 15 0D 92 16 94 
15 16 95 29 94 13 94 29 21 01 29 03 29 1C 92 0E 02 97 24 14 29 93 1B 29 19 
27 94 0D 92 17 93 0B 03 93 24 29 01 92 27 0A 2A 94 29 94 29 01 06 2A 06 02 
11 29 16 2B 05 2A 22 29 0B 1A 2B 15 91 91 01 2A 92 2A 03 2A 04 2D 12 2A 92 
14 27 21 15 2A 93 29 92 05 2A 17 1A 27 12 02 2B 92 29 04 29 0C 29 08 29 92 
06 12 02 29 92 2A 0A 08 02 29 92 03 2B 18 07 22 2B 01 16 2C 1A 2B 92 2C 12 
02 94 09 92 29 01 11 02 29 93 29 09 05 18 29 93 2A 07 2A 92 0A 23 05 2B 10 
92 2A 92 29 06 07 01 92 09 29 93 26 92 07 29 92 29 1E 29 04 94 2A 03 29 94 
28 0A 01 29 0F 92 29 02 21 05 1B 26 92 14 1C 0F 12 25 96 20 19 29 02 0F 07 
29 92 0A 09 94 14 04 92 29 1F 92 04 92 15 2A 95 02 29 95 18 92 11 04 22 29 
22 93 02 94 10 19 19 92 11 93 1F 0E 93 03 96 0D 92 1F 92 2A 02 2B 92 29 92 
29 9C 13 95 28 93 29 92 11 29 01 29 92 21 29 28 01 09 94 1F 97 06 99 24 98 
28 93 29 92 0B 1A 22 19 97 29 1A 29 1B 29 0C 95 04 96 0F 10 92 0F 93 20 92 
24 18 92 16 92 28 92 14 94 17 92 29 92 1A 14 03 94 15 29 92 29 92 21 29 92 
04 9C 23 29 27 04 92 0B 0B 29 25 93 14 92 29 93 20 01 29 12 92 01 92 21 92 
1C 12 98 2A 06 02 93 04 92 05 94 29 10 04 92 29 07 08 29 08 19 92 29 93 29 
92 29 27 0C 29 93 2A 94 2A 93 01 95 18 92 13 1F 92 20 94 29 05 2B 11 29 06 
18 29 02 29 27 2D 03 13 2A 03 2E 03 04 91 85 01 2E 02 2D 01 18 2A 1E 19 14 
06 92 2A 92 2B 92 29 96 09 93 2A 92 29 21 92 18 29 03 93 2B 0F 13 92 2C 93 
29 03 92 05 29 27 93 12 13 2B 96 0E 21 92 02 27 16 02 92 29 99 26 97 0E 29 
92 1F 9A 02 92 10 92 1E 98 1B 95 29 97 20 92 07 22 95 29 11 95 12 95 0C 92 
01 12 2A 94 29 0D 01 93 1E 96 29 98 02 29 97 29 93 17 19 93 05 97 05 B3 29 
92 15 94 22 29 92 04 1D A4 29 A2 29 97 0D 92 29 93 FA FC 96 02 29 99 29 92 
2A 10 29 01 92 23 02 29 96 08 94 27 23 92 29 92 27 93 20 92 1C 92 29 0F 28 
92 23 92 0F 29 92 21 97 28 29 1D 92 2B 93 29 92 29 03 97 26 93 29 09 1D 01 
92 1C 92 12 14 95 28 19 93 1D 17 92 1E 92 29 24 13 29 03 29 20 93 0C 03 92 
17 97 15 1D 93 19 29 97 02 92 0A 29 1F 29 03 24 92 25 02 92 29 95 29 20 92 
02 92 09 93 0D 93 1A 1A 29 92 21 29 21 13 2A 06 19 02 29 01 02 2B 02 92 29 
01 92 29 1F 10 2B 06 29 26 0E 92 29 93 29 11 29 02 1E 02 29 04 29 16 2B 03 
91 8F 11 0A 2A 14 29 04 29 13 29 92 29 1D 04 13 01 2A 23 29 24 93 02 28 03 
26 29 93 28 2A 92 16 0F 29 92 0E 13 06 93 0A 02 0E 20 25 07 06 93 18 1A 92 
01 29 18 92 18 92 1F 94 28 24 92 29 92 27 92 21 04 95 04 99 03 93 15 94 01 
2A 92 01 92 20 2A 1D 92 09 93 28 93 0F 0D 94 29 96 15 95 03 94 29 28 98 11 
22 05 9A 18 92 2A 07 92 19 92 06 93 28 0A 98 29 AC 29 9A 04 92 27 1F 92 05 
92 0E 97 29 99 29 92 18 94 28 92 14 94 26 29 0B 1E 29 94 29 97 15 97 17 93 
0E 0B 29 92 01 94 09 94 25 98 1E 29 17 1E 92 29 98 24 93 28 92 06 92 29 94 
25 93 29 94 2A 93 2A 03 92 15 94 2A 93 0E 15 93 0B 92 2A 26 92 17 29 92 2A 
93 2A 17 15 97 25 08 29 94 05 93 1D 93 04 94 2B 9A 14 92 01 92 1F 94 21 94 
29 1D 93 2A 92 07 94 28 92 01 92 1A 12 95 09 1B 18 93 16 18 2A 92 25 29 28 
2A 18 93 05 29 04 92 29 92 29 05 14 2A 92 02 09 92 2A 93 29 23 29 23 29 92 
15 2A 27 2B 19 29 92 29 92 2A 09 0C 29 02 2C 08 30 07 2D 14 2B 06 91 91 29 
05 04 2C 02 2E 92 1E 2B 23 09 03 29 01 01 29 92 08 29 1F 29 25 29 93 29 0C 
29 1A 05 93 2C 23 96 02 92 21 29 1A 29 08 08 92 29 96 29 92 01 0A 01 1E 09 
93 29 10 26 94 08 04 93 18 92 29 92 18 20 92 2B 1C 09 01 93 03 02 93 04 0A 
92 28 29 92 29 01 94 2A 92 18 11 99 28 93 06 29 0A 93 25 2A 98 08 19 26 93 
06 01 92 22 94 27 96 29 92 10 92 29 10 98 11 1C 29 93 02 95 27 96 1A 29 97 
01 94 29 9A 26 9A 1D 94 22 96 29 15 08 0A 95 25 97 29 92 1A 9A 0F 93 1F 92 
28 94 0F 92 1A 9D 15 93 0C 92 09 19 FA FC 92 14 95 07 29 27 28 95 04 9A 04 
94 29 9C 24 A1 26 99 27 95 15 1A A0 09 1A 92 01 92 29 05 95 29 92 29 27 99 
1A 93 02 9A 29 95 28 93 21 92 10 1A 92 29 92 29 92 1B 92 27 29 93 29 92 2A 
94 29 92 07 92 26 92 29 0C 2B 17 0A 27 92 2A 04 2A 92 30 92 2A 92 13 29 92 
01 29 04 29 21 2E 08 2B 01 2A 02 91 91 2B 01 2E 01 2C 11 2C 04 1E 29 28 04 
2D 03 2C 92 04 29 14 2C 92 29 01 29 07 2C 01 17 93 2A 92 2D 16 1C 03 2A 26 
29 1B 10 2C 92 29 28 29 0E 0E 29 15 2E 92 04 92 28 14 92 0C 1F 0B 29 95 11 
92 19 02 02 97 03 29 04 29 22 14 05 95 2B 01 09 04 29 93 25 92 11 29 92 26 
29 01 29 1E 93 1F 1D 04 29 1F 06 92 29 03 94 11 93 1C 93 11 92 18 04 92 29 
92 23 93 15 92 10 28 29 04 14 93 26 95 20 92 1B 94 1A 92 04 97 04 2A 28 92 
27 95 0D 14 15 93 19 93 02 29 93 29 94 0D 15 93 01 10 29 93 29 92 29 20 27 
0F 19 29 04 93 03 95 29 02 1D 0E 92 0D 93 1B 92 06 93 15 93 05 97 10 16 92 
28 29 10 29 92 29 06 28 16 29 92 29 1C 1D 93 0E 02 01 06 01 92 28 01 93 1F 
93 2A 94 29 92 29 92 07 97 2A 93 2A 01 95 10 1B 0F 92 08 92 11 12 92 2A 02 
93 0A 29 93 29 0B 92 29 94 16 92 11 29 95 19 0A 92 16 92 2A 20 29 92 1A 29 
93 2A 15 1C 29 06 1D 27 92 2B 27 29 15 92 2A 92 2C 92 0E 10 92 03 92 29 19 
93 24 29 94 08 29 92 2A 13 92 29 92 22 29 92 03 16 01 2A 24 09 16 95 03 92 
2A 05 1F 0A 92 29 08 29 93 01 0B 17 2A 06 04 29 92 05 2A 01 92 2D 07 29 0C 
0E 04 92 0D 1B 2A 92 29 19 2C 21 2D 05 15 29 92 2F 06 29 1E 2E 04 03 91 85 
04 01 17 2C 27 2E 93 2B 0D 2A 1D 29 92 29 0B 0A 18 01 1F 29 08 2A 93 16 1D 
93 1F 01 92 09 2F 95 29 92 29 09 92 06 2A 02 2D 01 01 1A 27 25 92 20 29 92 
02 2C 11 2A 20 92 11 17 92 29 01 29 15 93 0E 94 1E 92 2D 0D 92 04 0C 92 29 
92 1B 92 26 94 17 29 93 03 92 01 98 16 A4 12 18 9B 28 9D 26 95 29 95 10 92 
26 97 28 9B 29 93 22 A3 29 05 1E 95 05 04 94 22 A1 29 96 1E A0 09 93 07 9C 
FA FC 9B 1F 1F 23 92 28 0B 97 0E 93 29 16 93 16 9B 17 1A 94 0E 01 23 95 29 
96 29 97 12 93 29 26 92 21 93 27 92 16 95 29 92 0A 96 19 93 29 25 02 29 92 
1C 99 27 29 09 96 29 1D 93 1F 93 11 26 92 29 0C 93 29 96 29 93 27 03 18 92 
13 93 29 0D 2A 17 29 95 0E 92 29 92 26 29 28 94 2A 06 19 94 01 94 29 09 29 
93 0C 02 29 92 27 2B 1F 92 25 29 11 92 29 0A 13 14 92 2C 0A 03 92 0A 30 0A 
2A 15 03 91 89 22 2A 92 29 92 15 2F 28 18 02 29 92 2D 92 2A 92 2A 92 29 94 
29 0A 06 29 93 12 01 02 29 92 2A 25 01 27 29 05 97 29 93 28 29 06 29 92 14 
29 08 93 24 07 0E 93 29 93 1A 02 92 0F 1A 93 28 93 03 05 16 29 93 28 96 29 
92 01 1C 11 93 18 29 92 01 93 29 0E 93 01 94 02 18 93 1E 10 94 03 9B 06 08 
92 14 93 28 96 08 92 14 01 01 95 1E 96 28 23 05 94 29 13 29 93 0F 9C 27 9C 
27 A0 28 93 29 05 09 97 1B 19 98 16 96 0A 95 10 97 0A 93 29 97 27 96 19 20 
94 1C 92 29 97 05 95 0B 92 24 95 0B 10 95 16 24 92 18 92 0A 93 27 98 29 AA 
02 06 93 29 93 2A 96 29 99 2A 96 24 1A 94 25 95 05 1F 94 12 01 94 02 04 99 
24 92 1B 92 22 17 95 0E 92 29 92 13 92 29 95 2A 92 19 0C 93 29 24 29 93 29 
28 2A 21 29 95 0D 92 23 92 06 92 29 93 03 18 92 0D 29 92 29 92 29 04 92 1B 
2B 92 01 20 2A 1C 0A 29 92 03 93 0C 92 29 02 08 10 92 29 06 0C 2B 27 29 08 
2A 0E 91 8C 03 2A 07 2A 01 2C 92 0D 2A 92 2A 01 02 1A 29 92 2A 14 93 1B 27 
92 20 29 25 92 2B 0A 93 29 93 07 93 15 92 0A 94 0E 24 29 1C 92 1E 08 09 06 
18 02 92 2A 07 01 0C 96 12 93 1F 92 0A 13 05 92 29 94 2B 92 07 92 0B 0F 93 
26 93 29 93 1A 92 23 9D 25 93 01 95 29 0A 92 19 9E 27 93 29 1D 92 29 9A 1B 
9C 18 97 20 99 1E 9C 2A 96 12 94 19 92 1F 18 93 1D 93 09 29 1B 1B 09 92 02 
1B 92 29 92 2A 10 0C 1A 92 29 10 07 05 29 09 29 06 93 2A 93 1D 29 92 01 05 
92 29 09 93 25 1E 98 08 95 25 29 94 0D 02 96 12 93 29 92 0A 94 1C 0B 96 20 
1C FA FC 94 02 93 22 29 94 2A 23 92 1F 92 0C 94 29 03 96 10 92 1B 29 92 29 
92 2A 1C 1D 29 92 02 01 0B 95 1F 92 29 03 12 92 2A 92 29 94 1A 92 1F 18 93 
0B 92 2B 1E 99 09 29 92 1C 93 11 92 29 92 01 94 02 92 0A 93 02 07 29 18 22 
29 93 29 92 26 95 1D 92 03 18 08 23 98 29 1B 92 29 92 0C 15 08 06 94 17 29 
94 16 0A 29 93 29 95 2A 92 1B 92 27 29 95 1F 2B 0A 29 01 19 92 2B 92 0E 19 
92 22 05 92 0B 2A 1C 93 15 94 03 1A 16 29 01 2B 92 29 07 2C 06 29 11 07 91 
86 05 01 04 32 01 14 29 05 2F 09 1A 92 2A 01 29 26 2A 93 10 29 94 28 2A 92 
2A 0F 29 92 2A 93 29 92 17 98 0F 92 2A 28 94 29 92 07 2A 92 29 93 19 93 14 
94 29 25 29 05 93 29 92 29 92 28 92 14 94 1F 94 22 93 1E 94 22 03 1D 26 29 
92 29 93 29 92 0B 29 26 04 93 0D 94 13 93 02 93 0D 9C 29 9F 26 20 93 29 92 
07 96 17 14 92 29 26 26 28 96 17 A3 29 94 0B 93 0D 94 29 03 92 12 20 92 2A 
19 29 0D 29 92 1A 92 04 29 92 17 92 16 9D 28 92 18 07 22 29 94 02 18 1E 93 
14 93 19 15 96 11 98 05 9B 11 92 28 92 06 29 9B 0B 97 26 29 01 95 16 95 21 
93 07 26 03 0F 96 15 95 22 08 93 29 92 22 93 28 92 2B 1B 01 93 16 29 96 06 
2A 07 92 29 15 95 18 29 92 09 29 06 92 14 92 06 93 0C 14 29 93 02 2A 96 26 
95 06 92 1B 0F 12 12 92 06 29 01 29 02 1A 93 29 93 29 92 19 29 93 1B 29 94 
18 01 07 07 92 2B 10 93 0A 21 23 92 29 94 2A 93 04 0A 92 04 22 03 28 92 29 
92 29 92 03 29 05 29 0E 93 29 92 14 92 17 1F 09 0B 0C 21 92 06 29 92 29 02 
2B 05 2A 04 2A 92 31 04 2A 01 91 7F 04 30 0A 02 2E 92 02 0A 09 01 29 01 29 
10 2A 93 29 0C 2B 93 29 26 92 20 13 24 92 0C 92 1B 94 19 10 93 1E 97 0D 0F 
1F 1C 93 26 98 1F 92 06 22 92 29 02 93 26 0B 97 29 92 28 2A 12 93 01 93 1E 
20 29 93 20 97 29 95 15 9D 04 97 28 A9 19 A7 28 1F A4 25 95 15 B0 0A 95 29 
12 98 29 92 15 97 0D 95 0C 94 29 99 28 06 96 06 95 29 93 13 92 28 94 FA FC 
A9 20 92 08 07 AC 1B 92 17 9A 08 01 96 13 AA 15 94 15 93 0E 92 28 95 1C 98 
10 97 14 9B 01 95 09 0A 98 0B 0D 92 1A 96 2B 0A 92 29 07 2A 05 29 09 93 29 
0A 27 92 2A 06 16 92 29 03 29 93 16 06 07 92 29 09 0A 2C 1E 07 04 29 0B 16 
1A 2F 0F 2B 12 91 90 04 29 19 2F 06 2E 04 2B 01 29 0D 2A 0E 92 05 92 29 02 
08 92 2B 14 2A 13 0C 29 25 2A 04 09 2D 0E 21 29 09 29 20 29 24 01 29 04 29 
05 02 94 14 92 15 12 93 24 02 2A 28 2A 92 04 0D 2B 0E 29 93 23 92 29 17 1E 
29 01 93 1B 92 29 07 92 29 92 05 94 21 96 02 03 93 09 92 02 93 18 2A 09 95 
18 2A 96 28 9D 1C 22 93 19 01 B0 29 93 17 01 B6 14 92 1D 10 1F A5 24 97 02 
9A 10 92 24 98 22 99 15 A2 22 AF 15 96 26 92 29 92 28 96 29 9B 0E 92 22 96 
15 92 1E 95 27 16 24 93 29 9D 0D 92 09 01 0F 97 26 92 1C 94 27 21 25 06 29 
92 0E 0B 92 08 92 1E 0A 92 29 92 02 1C 92 16 95 1D 29 92 24 92 21 06 02 29 
01 1C 03 15 2A 1A 1E 94 0C 94 29 92 15 93 29 92 09 92 13 92 0D 09 02 92 03 
92 0E 92 2A 01 29 92 1F 04 29 24 2B 21 92 2C 17 30 05 91 79 09 29 11 2C 01 
2A 03 03 92 29 08 29 1B 09 29 07 29 08 2F 92 29 08 92 29 92 06 2A 0B 2A 94 
2A 92 29 93 0F 10 29 94 29 1F 0B 29 95 27 9D 29 93 24 95 06 99 1A 92 09 95 
27 98 10 96 28 94 0A 0C 95 02 93 01 9F 29 24 95 29 97 19 95 28 A0 02 93 19 
95 09 97 1E 29 93 28 93 16 28 A9 12 A2 01 9F 07 96 29 9C 0E 9B 29 27 A2 FA 
FC A5 08 92 1E 0F A0 1C 92 29 93 29 98 08 9B 04 92 03 93 29 98 26 92 2A 93 
08 02 93 16 92 16 9E 14 14 9E 23 93 0D 9B 10 09 92 0B 21 93 04 96 16 96 29 
92 29 94 29 92 02 12 26 0B 92 0B 29 92 29 92 28 93 29 20 14 92 08 10 92 02 
92 05 29 92 25 07 16 04 92 03 19 17 92 0D 2A 92 2E 02 2E 02 2B 01 30 16 06 
08 91 7E 07 2A 06 29 03 2C 0E 29 13 03 93 2A 06 29 92 29 0E 2A 0B 16 03 1C 
0F 05 19 29 92 1C 04 13 27 29 92 29 94 24 1D 2E 92 2A 20 29 95 29 92 29 02 
93 01 92 04 92 0D 29 24 01 95 13 29 92 0E 19 94 19 94 1E 93 04 95 29 92 06 
29 9A 03 9A 18 9B 26 92 0D A5 1A 95 07 29 0B 29 28 93 0D 94 13 A2 1E 97 20 
A0 1B 97 17 A5 03 A4 01 92 09 14 1F 16 1E 94 29 96 29 99 09 1B 9E 29 1B 93 
11 98 29 99 29 98 25 92 26 99 28 9B 15 96 05 A0 20 29 94 29 13 94 1C 92 29 
92 1B 95 1E 23 94 29 9D 1A 93 0E 93 09 06 99 0B 29 0B 92 0B 29 92 29 92 0A 
1C 02 16 94 0D 2A 92 17 94 29 08 29 92 01 03 94 15 22 04 95 2A 22 92 04 08 
02 92 29 01 29 20 1F 94 26 1A 93 29 27 92 29 07 92 1D 92 02 92 0E 03 93 02 
29 02 02 2D 92 15 29 03 2D 1C 02 91 91 2C 1A 29 02 0B 31 0B 0A 11 29 17 05 
01 29 07 29 92 31 1C 0A 31 01 29 0B 92 2D 92 29 92 29 92 2B 26 07 29 04 29 
12 92 29 02 03 29 93 07 2A 15 29 93 29 07 29 92 1E 06 2B 92 03 07 0D 12 08 
20 92 29 16 29 05 1E 18 92 14 9E 11 1E 2A 93 29 92 29 96 2B 18 98 24 96 27 
97 26 92 22 1D 1A 93 27 97 27 94 1C 9A 20 10 A3 12 0C 9B 1E 92 04 A3 15 A2 
1A 0D 95 20 0E 18 A0 17 20 93 16 93 1C 19 FA FC 95 14 94 1D 14 13 15 20 94 
0A 94 16 0A 29 28 26 29 94 02 10 24 92 16 96 29 25 93 29 92 20 92 1E 93 13 
1B 92 29 13 04 29 02 15 1C 02 02 29 03 92 29 08 93 29 1E 94 2A 92 0B 92 0F 
08 14 92 20 92 08 9E 14 29 92 24 94 20 29 93 29 95 28 29 95 1B 98 23 17 2A 
92 01 1D 0A 2B 03 29 92 17 29 93 0E 22 17 13 93 29 92 2A 92 0C 93 1E 92 05 
05 92 14 92 29 03 94 08 29 92 0C 06 21 2A 92 1A 13 2B 1A 17 2C 02 09 2E 04 
09 31 11 2B 02 91 91 2E 92 29 03 11 2C 92 06 0D 29 93 0C 29 1E 08 2A 15 29 
01 16 92 29 93 29 04 29 0A 15 0E 29 92 0D 29 0C 0B 92 09 93 09 92 29 07 92 
28 92 29 07 92 29 01 05 05 92 19 21 92 02 07 05 95 25 29 92 29 23 01 29 94 
15 93 2A 92 0E 96 15 94 28 13 16 94 29 18 94 29 92 29 04 29 01 92 0A 2C 06 
29 0C 29 0A 98 29 12 92 16 93 29 14 29 92 20 93 15 93 08 92 09 92 03 29 92 
26 21 92 29 94 01 0D 28 0A 92 03 94 04 92 29 27 92 28 95 1C 93 1A 97 23 95 
1E 93 29 93 1E 0D 93 29 95 29 92 29 21 92 29 0F 94 03 03 14 18 95 29 96 1F 
95 02 0F 06 21 08 0D 18 11 92 08 10 05 93 16 94 0F 94 12 0E 94 1C 93 14 99 
0A 08 24 29 94 23 25 95 29 16 92 1F 95 04 1A 92 0A 94 26 28 93 2A 95 1D 9A 
15 25 1A 27 93 07 9E 29 01 01 17 93 10 21 16 02 19 29 94 29 95 16 29 92 1E 
93 17 96 0F 93 01 99 0B 01 29 92 1D 93 21 97 1E 93 29 25 92 22 07 03 92 26 
93 2A 93 29 1B 29 04 2B 18 2B 01 29 02 2A 01 0C 1B 95 29 92 2A 92 29 07 92 
05 02 28 03 92 0E 93 26 2B 94 2A 92 18 92 29 16 2B 06 17 92 2B 92 29 07 2B 
14 1A 29 17 29 0F 30 14 91 8B 10 2E 92 2A 1A 28 14 29 1C 2A 17 16 29 94 29 
93 16 2B 27 29 92 29 02 95 29 92 29 93 23 27 19 92 0B 29 20 92 16 2B 01 29 
04 21 92 28 94 16 94 1F 95 14 08 2B 09 0E 92 26 2B 92 07 04 9F 08 92 0D 28 
9A 24 9E 16 9C 07 9A 13 95 1C 94 12 92 19 92 0A 95 11 A4 23 92 0D 92 2A 97 
16 9E 29 0C 29 96 0F 07 94 03 05 28 29 96 18 97 1E 93 29 94 1B 95 27 96 22 
93 03 0C 94 29 07 92 29 23 1A 0F 92 07 93 16 92 29 04 92 14 94 1A 03 94 29 
92 1B 92 FA FC 1E 12 29 28 97 01 92 14 94 0E 29 99 27 AA 0B 97 1D 94 08 1F 
95 19 94 24 94 06 93 16 92 09 96 1B 93 04 92 05 16 29 93 22 95 1F 96 1D 96 
0E 92 0E 92 18 95 08 1A 94 29 14 29 92 1F 97 29 10 1F 29 93 04 10 93 17 29 
94 02 18 93 22 92 08 11 0E 93 21 95 0C 1C 92 2C 93 02 01 07 17 92 01 2D 04 
0E 92 01 2A 14 22 29 03 02 2E 22 08 91 91 29 02 32 03 2F 02 3C 09 05 2B 15 
2A 92 02 92 2B 92 29 18 2A 10 2B 0E 2A 13 2A 06 2A 01 01 1E 2A 92 04 29 27 
29 94 29 92 29 05 2A 09 16 02 02 20 2C 09 1C 29 01 29 14 05 04 92 17 1E 2A 
92 24 92 05 01 92 29 92 1E 12 92 03 12 92 29 0A 06 0B 92 2B 97 29 06 12 1C 
06 92 03 15 92 06 25 25 95 0C 94 02 2D 0E 25 05 2A 94 09 16 01 18 93 0B 93 
21 92 18 93 29 92 0D 92 29 9A 14 92 19 92 06 95 0B 06 12 12 96 24 94 29 92 
07 2B 92 23 92 29 03 93 29 92 16 9D 29 1C 08 92 29 27 92 0F 93 06 9B 1D 93 
29 95 15 95 29 92 15 92 09 B3 28 95 1F 17 94 18 9D 28 92 1A 95 29 A1 01 12 
03 92 09 01 22 92 07 1E 97 27 97 21 20 93 01 94 29 92 19 92 01 29 94 29 95 
01 9D 25 92 02 96 0F 29 92 18 29 92 0A 94 0D 95 1F 93 25 93 10 29 95 24 0F 
29 95 0A 92 29 1B 0F 25 93 14 94 28 16 93 2B 04 29 1A 07 04 2A 92 29 06 10 
01 28 27 26 25 29 22 29 01 02 91 90 13 2D 03 30 92 23 29 92 29 17 01 2A 92 
12 1A 10 2A 27 24 92 17 0E 26 19 92 25 1B 17 92 08 1F 29 0B 04 93 27 29 92 
08 92 28 16 09 27 0C 93 1B 0C 93 09 2A 03 1A 09 06 92 13 09 97 1D A6 29 93 
25 93 29 96 19 1A 29 0F 93 02 93 12 97 12 9A 29 98 20 A1 28 9D 19 92 26 20 
0A B4 15 94 28 9A 17 93 29 9B 01 29 9C 12 9A 14 14 96 11 9B 1D 99 FA FC 99 
05 1F 19 9C 1A 9D 13 92 27 95 15 96 17 92 26 9F 26 92 0D 19 95 29 97 1C 99 
11 94 05 92 0F 92 0A 92 06 94 0D 94 05 28 97 14 94 06 95 0E 02 94 0F 08 92 
16 92 16 92 29 17 92 02 02 92 28 92 27 22 0C 06 93 01 93 28 93 0E 0D 92 29 
20 93 1A 94 29 92 27 29 21 09 94 1E 1F 92 22 93 15 29 1B 26 08 29 08 05 29 
1B 21 29 0F 2A 02 2E 04 29 04 2E 02 07 10 91 85 02 35 05 30 08 01 05 0F 29 
16 2B 04 93 04 06 19 20 0E 03 29 28 24 29 04 29 06 16 01 06 29 11 92 29 92 
08 29 24 93 10 29 93 1D 22 28 05 1A 04 9D 19 A1 17 9B 15 C5 1C 95 1F 94 01 
95 07 98 1A 93 26 B0 0E B2 08 05 94 25 97 20 A3 1C 94 22 96 01 1B 95 03 93 
22 03 93 14 95 0C 92 03 9C 09 9C 1D 92 29 93 04 16 95 02 92 29 92 09 97 28 
93 11 99 05 92 18 08 96 07 1B 93 05 94 27 08 1A 16 92 12 94 0C 16 92 1A 0A 
93 01 92 28 93 22 93 05 93 02 94 16 92 07 94 07 92 1E 93 1D 93 0C 94 17 14 
20 23 02 92 05 93 03 93 0E 1B 1C 92 0C 97 24 93 25 92 22 93 11 92 18 93 27 
08 08 92 16 1E 93 14 06 20 1F 92 1D 92 29 09 05 05 1E 1C 01 27 92 07 2A 09 
2A 05 29 03 2B 06 03 2C 01 30 03 91 88 06 05 2A 08 29 09 2A 17 05 08 1D 01 
29 94 29 1E 29 11 0A 92 0B 27 92 29 1B 0D 1C 1B 95 03 29 03 2A 93 08 93 28 
29 06 0B 0B 92 13 93 0B 94 08 0D 92 18 26 93 13 17 92 21 92 14 26 9B 05 16 
19 93 10 97 26 95 21 04 28 94 17 A3 14 12 94 1A 92 16 94 1A 9F 1E 9C 09 95 
29 A6 07 95 22 9B 1A 98 08 A0 29 1B 92 14 18 95 22 93 19 92 17 9B 11 92 29 
1F 17 92 27 92 28 98 29 A1 0F 94 22 20 1E 14 06 FA FC 0E 93 27 94 11 94 1B 
0E 93 0C 1F 97 1B 95 28 93 18 92 13 A9 18 99 0F 9A 1C 92 1E 95 15 15 27 A0 
14 94 16 92 11 29 12 29 95 1A 29 1A 08 92 26 27 1A 92 1B 93 0D 19 17 15 92 
1B 94 28 94 09 92 0B 11 10 93 25 93 18 29 26 29 20 26 29 21 2A 92 29 1E 29 
1F 92 1C 29 92 29 23 29 0D 29 13 29 92 12 1A 15 92 29 14 11 12 10 0D 02 2A 
0A 03 05 02 14 01 2D 01 2A 04 32 02 91 8B 02 2D 04 2A 02 2A 28 2C 01 2A 02 
07 03 2D 06 29 92 08 28 94 0A 18 25 29 97 28 92 29 07 92 0F A0 14 11 24 92 
15 95 17 27 95 03 92 18 98 1E 94 22 95 07 29 07 94 28 1E 94 21 28 27 93 1F 
10 9D 27 27 24 95 17 1F 9A 25 18 26 27 18 0E 93 12 94 20 92 06 97 11 99 28 
9A 12 98 26 94 19 9B 27 26 93 27 95 1C 9A 1A 98 10 A0 20 9B 01 A1 29 9A 19 
96 1F 18 99 27 95 01 92 29 10 96 1B 94 21 99 29 9C 0C 92 16 92 29 99 29 95 
04 29 21 06 07 96 10 94 04 09 95 19 92 25 92 05 9B 09 92 03 96 19 0C 01 28 
93 20 92 04 18 94 24 92 28 28 97 24 07 96 14 92 22 95 28 93 1E 04 25 04 92 
0F 92 1B 0E 02 1A 28 93 05 15 11 14 14 29 14 92 10 29 0A 29 93 09 19 03 0B 
20 29 92 06 29 0F 08 09 29 01 20 29 18 29 03 29 01 2C 07 2A 04 05 0C 29 01 
2C 05 91 84 01 04 37 08 02 0C 21 0C 29 1F 23 11 26 01 24 93 25 22 02 14 17 
25 2A 92 0F 12 23 0F 0A 11 0F 92 0D 0D 21 96 1A 1B 92 28 94 11 93 22 99 29 
92 22 92 27 94 1C A4 17 93 22 94 27 92 15 92 1F 0C 93 13 93 19 24 23 24 93 
27 92 18 99 11 93 16 92 18 1F 96 1F 10 22 92 15 92 24 96 21 92 1C 0C 9B 27 
9A 0E 94 23 08 0E 0E 98 28 9A 28 97 29 11 95 14 12 26 9F 28 9E 12 93 14 98 
29 1F 06 0B 07 93 02 93 25 22 93 26 29 94 28 96 21 11 94 25 92 17 95 1A 93 
0C FA FC 9B 28 92 12 94 27 92 0A 27 93 28 9E 1E 93 21 15 96 1D 19 96 12 1F 
92 24 28 1E 99 02 92 04 94 1B 1C 92 1E 98 0C 28 93 13 93 29 92 20 92 04 93 
15 01 93 22 97 1F 92 06 92 01 92 08 04 09 14 93 21 04 29 26 08 0A 11 15 29 
15 22 28 95 1B 93 22 94 16 92 1B 93 07 09 92 21 93 1C 94 04 92 1C 92 05 08 
21 29 1F 01 92 04 19 17 0E 15 10 09 17 29 10 29 0F 03 29 16 92 28 92 19 05 
03 27 92 04 03 22 29 02 29 02 2B 01 05 2D 06 2D 03 91 8D 01 05 29 09 29 02 
29 01 0F 0D 2A 0A 06 15 21 29 0F 29 01 01 0A 2B 09 2A 07 0A 29 03 2B 08 24 
1B 29 03 29 92 02 07 01 02 94 08 93 0C 99 1D 0A 1B 23 93 0D 01 12 29 12 21 
1A 11 08 25 93 29 08 04 92 27 11 27 92 05 92 1F 1C 92 28 97 23 14 92 13 0E 
03 1D 1C 92 09 25 1A 0B 92 21 08 92 16 1D 15 92 19 06 92 18 09 14 07 94 17 
1C 94 1D 20 92 16 27 93 04 1D 93 29 15 95 01 0B 92 23 92 19 29 92 15 93 1B 
92 26 93 20 9B 0A 96 23 93 19 97 07 92 1E 93 26 92 0E 92 16 16 1E 95 29 98 
16 1F 1B 07 20 92 27 98 25 AE 1A AC 20 26 A3 08 9A 06 9C 25 25 98 05 21 1F 
09 96 17 92 1B 18 92 1D 96 17 98 14 9D 06 92 1C 09 14 92 18 28 1C 97 0B 94 
1D 14 16 92 14 28 93 1F 95 15 98 10 93 29 14 16 92 26 94 08 12 0A 07 10 28 
12 1E 29 28 0E 09 04 09 92 05 02 28 92 07 28 0B 28 13 92 25 0E 11 92 26 28 
0A 26 03 92 07 1C 17 18 15 17 03 1A 0B 29 15 0E 16 15 14 20 1C 16 23 20 02 
11 1B 29 05 29 05 1C 19 26 02 21 2A 02 05 30 01 91 90 01 31 12 28 2A 02 29 
0D 0B 02 04 07 29 92 0D 1A 94 09 1E 26 93 18 93 0C 14 92 1A 1D 1B 92 18 9F 
21 92 02 92 19 98 27 97 18 19 1F 10 20 92 09 92 15 05 24 98 25 97 24 20 27 
9B 29 95 12 92 29 92 18 15 92 06 27 25 23 12 92 18 0A 92 1A 25 A0 25 94 09 
29 94 1E 92 14 25 0D 29 93 17 27 92 16 AC 16 14 0B 93 1C 21 9D 16 93 17 9A 
24 92 08 24 9B 24 95 1C 15 02 9A 1D 99 07 19 28 21 92 18 98 1C 1C 11 92 10 
94 FA FC 93 17 18 95 1B 94 26 19 24 18 96 20 98 27 93 1E 96 28 94 26 92 10 
9A 0D 9D 28 24 92 09 16 92 03 16 95 1C 20 0A 22 92 18 0D 93 19 92 15 92 0A 
92 1A 0F 96 13 14 14 07 93 03 94 26 92 06 92 23 22 14 24 26 21 22 22 95 09 
92 06 02 93 1B 95 19 07 03 06 03 92 05 92 0A 94 0D 11 92 15 92 0F 06 92 0C 
1F 1B 94 29 92 1F 1B 09 18 17 96 05 26 92 1C 13 0D 22 2A 94 27 26 14 01 29 
03 02 93 0F 2A 11 92 01 2B 01 06 2B 19 91 91 01 2A 01 05 2E 04 1F 05 25 92 
27 96 02 1F 1E 09 02 06 15 01 08 0E 09 93 1B 94 12 0D 08 2A 04 25 12 18 27 
92 04 93 27 17 15 94 10 1F 17 98 14 95 21 93 22 93 1C 92 26 99 18 95 14 92 
19 26 97 27 26 15 96 1F 93 1B 95 23 A9 25 24 9C 28 18 21 93 04 28 15 13 93 
11 9F 1A 96 28 A4 19 9B 26 95 28 92 28 A1 27 96 1F 1B AE 18 93 1D A2 28 A2 
06 9A 20 9B 1D 9A 26 92 27 95 18 99 27 16 9A 14 28 93 28 9A 19 96 17 93 1E 
0D 05 1A 92 29 01 93 22 29 95 04 29 24 17 29 06 01 1F 0B 05 1E 25 20 1E 92 
0A 92 09 0C 1B 16 93 12 29 93 29 92 18 0A 10 24 92 16 92 04 0F 16 17 29 16 
04 10 2A 18 14 02 2C 19 19 1B 1A 06 07 29 01 29 16 05 2A 0E 2F 09 0F 2B 05 
29 05 05 03 01 02 01 2A 02 31 04 91 91 35 20 1A 13 1D 19 25 29 15 18 29 18 
18 16 17 18 16 1A 1D 1D 17 29 28 26 18 0D 03 19 18 27 92 2A 95 29 92 2B 08 
2A 96 0C 14 18 93 02 21 0D 92 12 03 0A 14 29 94 29 9A 07 2B 04 01 2A 92 29 
28 26 25 24 92 04 14 92 1E 92 1B 0A 14 94 1D 08 93 1E 16 92 01 19 1A 0D 1F 
99 16 23 23 96 0D 96 23 1E 92 26 92 29 28 25 14 93 27 92 05 16 18 15 10 92 
0A 19 28 92 06 96 1E 95 17 02 02 29 04 1B 1A 95 16 93 11 92 28 92 21 9A 1E 
28 92 10 92 1E 12 93 06 02 0C 92 1A 93 12 9C 27 99 16 95 19 92 2A 93 19 29 
10 04 93 29 02 92 18 17 92 1D 27 95 28 27 92 27 96 28 02 92 FA FC 94 18 01 
92 29 93 04 28 26 20 10 9A 04 18 9A 09 92 1E 92 29 06 28 92 12 95 1F 08 92 
13 98 0C 96 29 95 1A 29 97 1C 1C 96 0D 29 09 92 04 92 29 93 01 92 02 95 20 
99 21 21 92 01 94 0C 92 08 9A 16 93 19 93 21 03 15 95 29 94 19 29 0F 0F 22 
26 28 92 1E 94 0D 12 07 29 17 15 1B 1A 11 2A 92 29 0F 0C 11 29 01 01 19 29 
0C 0A 1A 08 01 0C 08 93 29 08 0A 17 1F 29 03 29 09 12 13 14 11 10 0F 12 17 
29 0A 2A 0F 18 02 91 91 2A 04 08 2A 0D 09 2C 1B 23 04 2A 12 0E 13 17 18 29 
1C 12 02 05 06 1C 92 20 94 1C 92 15 18 92 14 93 29 95 05 1A 92 02 92 04 25 
18 1B 92 29 92 07 94 28 17 94 14 93 1A 92 27 93 24 92 11 9A 27 13 0D 04 94 
17 97 28 24 92 28 1B 20 94 21 20 94 18 1F 93 23 93 06 93 28 96 28 92 03 96 
27 1C 92 02 A2 08 02 9A 22 A9 0A B7 18 93 10 95 17 A4 22 27 93 16 0D C8 19 
A2 05 0B 96 06 1D 9C 26 9B 19 99 1B 28 0A 99 1D A5 13 96 0F 97 0F 14 16 92 
1E 92 15 19 92 09 92 06 1B 06 05 08 2A 0B 18 92 08 92 1B 1B 02 92 25 93 25 
92 06 04 92 16 01 29 92 02 25 0A 03 93 0E 29 1C 28 29 1A 13 92 2B 0D 95 07 
0A 29 1F 1E 29 01 29 15 16 0C 2A 01 29 1E 29 15 29 03 06 0A 10 91 91 2E 03 
02 2B 03 01 02 02 02 03 16 92 27 29 02 03 1A 24 1F 10 92 0B 14 0B 10 04 20 
92 29 92 29 01 0C 0E 0D 0F 29 15 15 92 05 24 07 92 05 16 22 92 1E 29 92 1B 
28 23 92 03 23 93 10 93 14 95 17 92 0B 09 94 19 92 1C 93 16 1B 06 03 92 28 
28 02 1C 19 1B 26 24 22 26 93 18 94 03 95 20 AC 0B 14 29 9A 1C 28 19 28 15 
9B 05 93 0F 9B 24 1F F8 97 20 95 FA FC A4 27 99 26 97 18 93 16 9C 1E A5 26 
9C 17 17 9C 18 A4 28 16 18 92 16 93 21 1B 95 1E 12 95 26 21 93 0E 92 17 1F 
09 28 99 29 92 24 93 08 21 1E 92 0A 04 92 06 04 03 29 01 06 92 2A 94 2A 24 
14 92 28 1D 03 29 1E 02 1B 12 1B 2C 1B 1A 29 01 19 0D 02 29 06 2C 25 05 91 
91 38 11 2B 17 27 11 03 04 03 29 0D 03 02 02 29 22 04 92 0E 93 0B 92 08 19 
1C 28 1A 92 19 15 06 01 01 02 02 92 0D 29 0C 27 16 0A 01 16 27 02 21 92 06 
11 03 16 94 0B 1F 26 94 15 06 92 05 92 29 06 16 2A 1D 1A 18 92 29 1B 93 01 
92 27 93 29 95 06 94 19 1B 92 29 93 1B 25 2A 94 06 2A 15 94 1E 28 03 94 04 
1B 93 06 92 29 93 1C 92 1C 20 1B 29 18 92 21 92 14 0A 93 25 23 93 27 05 29 
0D 27 29 95 18 96 19 9A 04 09 93 0F 17 0D 29 92 05 22 26 25 05 20 94 29 1F 
29 05 04 95 16 92 24 92 09 13 29 11 21 26 19 93 2A 23 1F 24 04 07 28 29 0D 
94 05 18 04 1A 92 10 92 09 95 28 93 08 03 19 93 15 2A 28 09 9E 16 A0 14 B8 
23 05 93 26 B4 24 0D 95 12 92 16 A3 06 92 0E 02 17 09 92 29 02 29 93 25 92 
29 0C 06 93 1F 92 28 29 92 22 96 16 1B 29 92 29 14 93 11 1F 27 02 13 27 95 
1D 92 1D 92 03 29 0A 03 29 1C 0D 02 01 28 93 28 92 18 10 02 11 27 1B 94 29 
08 29 0D 1F 06 1E 04 29 0C 29 03 09 03 01 02 04 92 0E 01 29 17 13 29 07 02 
15 1B 02 01 01 29 0B 02 01 91 91 2E 05 2A 04 1B 29 0C 29 92 0F 0F 17 19 08 
29 07 1F 1F 17 06 1A 25 0E 93 22 1E 0C 14 26 15 17 1B 29 05 92 19 1E 92 02 
94 1E 99 27 22 15 08 25 92 29 0E 0D 29 1E 15 2A 0E 14 24 92 24 20 02 93 0F 
98 0D 09 96 1C 93 1B 95 16 23 08 29 02 92 28 29 1A 01 92 1E 92 07 29 1C 0B 
1F 28 26 16 27 94 21 1D 94 09 20 93 16 0E 18 29 93 27 12 0E 28 27 13 1F 9B 
18 92 19 15 92 10 93 14 0E 92 29 1F 1C 92 05 97 17 93 28 28 92 29 92 04 93 
0A 9B 05 96 17 27 18 2A 12 95 26 93 29 93 28 1B 93 24 92 20 92 25 92 25 18 
92 29 96 29 03 13 04 1C 29 1D 95 24 93 16 27 95 28 05 29 9A 25 95 1E 9D FA 
FC 93 28 97 1F 94 23 24 92 25 98 15 06 26 93 12 92 15 0F 03 23 1A 92 14 05 
92 29 07 1A 96 19 95 1E 01 07 22 0D 95 25 98 0E 93 03 27 28 92 02 95 1B 9B 
17 1D 95 1E 92 21 93 18 93 1F 94 0A 95 29 92 1D 29 13 92 1B 09 93 12 02 10 
06 29 0D 29 08 13 29 1A 1A 92 1A 92 14 1C 08 28 05 0D 9B 29 10 29 12 0A 13 
04 09 14 0B 09 15 03 92 16 04 93 27 29 0E 2B 08 04 2C 03 06 03 03 15 1D 07 
01 2D 05 04 03 02 30 08 05 91 91 3A 01 29 01 04 08 01 08 0A 29 15 2A 0F 08 
21 29 0D 29 05 22 1F 22 24 23 22 1F 1E 2B 06 29 17 2A 1C 2A 01 03 02 93 2B 
93 29 0B 16 1C 19 2A 0E 28 1C 04 29 1B 92 11 09 2A 0B 29 03 0D 93 20 94 25 
10 99 25 25 93 28 1D 96 04 96 14 92 29 95 04 92 27 96 22 94 0C 94 1C 9D 19 
01 92 29 01 07 03 93 17 29 96 02 24 92 16 93 29 04 1C 93 09 97 14 AF 09 14 
96 0A 13 01 93 18 92 1A 93 0A 99 1D 0C 92 0C 2B 92 27 28 28 28 0F 92 2A 94 
28 26 98 0A 9D 27 9C 15 95 07 93 09 15 94 0E 9A 22 98 20 93 16 14 95 23 98 
14 05 0F 01 92 12 9F 18 93 15 16 93 1A 15 93 0B 95 2B 27 26 25 07 0A 29 17 
94 26 17 18 27 16 28 1F 29 23 18 07 29 05 2B 04 05 0D 12 18 1D 1B 20 1E 23 
29 92 01 08 0E 2A 0B 07 01 2C 17 1D 93 09 29 28 2B 1A 03 02 16 92 29 92 10 
17 27 1D 22 23 03 2A 18 01 29 21 20 29 0A 18 29 1C 95 27 15 17 11 92 2A 1A 
2A 15 0F 03 0D 0D 0B 07 07 09 27 2A 08 01 01 91 91 35 18 06 2A 14 16 21 16 
2B 20 20 2A 01 29 04 06 29 04 03 19 19 18 16 10 11 12 11 19 24 1A 1F 27 1C 
94 14 1E 18 0E 95 09 29 11 2A 07 09 0B 0C 03 03 0C 0C 0A 11 0F 07 92 04 98 
18 29 08 10 03 08 94 20 0A 09 95 0C 1F 03 09 93 05 10 29 10 18 17 19 17 0B 
1D 29 08 10 04 15 14 0F 1F 93 06 11 92 18 1E 94 28 25 29 92 11 93 20 92 29 
97 10 1E 98 0B 07 08 94 24 92 1A 95 1C 92 16 92 13 93 15 19 01 92 05 05 28 
92 12 95 10 92 24 93 17 93 13 29 01 92 2B 99 29 92 19 94 28 93 04 16 17 93 
07 92 02 27 9C 05 0C 1F 96 1C 27 A2 19 93 2A 94 29 96 1B 96 1A 1C 1D 97 08 
FA FC 97 24 92 20 13 92 0E 94 17 24 21 24 28 9A 0F 93 1B 93 15 03 92 08 1A 
94 0D 95 28 0A A3 29 18 28 01 07 29 28 21 92 24 27 27 1E 18 24 14 0A 92 12 
92 2A 0F 2A 12 9A 1C 06 95 22 92 1E 17 28 95 16 15 21 03 05 9A 0A 02 17 92 
11 29 15 93 14 92 06 92 29 24 92 29 0A 19 04 95 22 26 01 1E 29 08 05 08 15 
02 15 04 92 2A 0D 94 27 27 93 27 02 12 02 10 92 07 96 17 04 08 01 92 03 03 
02 03 02 01 29 01 04 08 0E 0D 0A 08 06 91 91 29 04 30 03 05 07 0C 1D 29 09 
0B 10 0B 17 16 15 28 04 0A 94 29 1F 21 04 92 08 1D 1E 21 92 05 92 20 0E 95 
06 98 15 92 11 12 20 16 28 93 1E 28 08 06 11 95 04 96 01 95 27 92 14 02 29 
9E 08 24 92 23 24 97 06 92 0F 1B 0D 1E 92 16 92 14 93 19 94 0A 95 28 92 29 
08 92 12 94 10 97 1A 1B 95 03 92 27 93 01 05 0B 92 02 04 98 21 06 96 08 96 
10 0E 07 06 16 01 0C 9C 20 08 14 94 1A 9B 11 02 92 1E 16 92 01 92 06 92 24 
13 92 1D 0D 9B 25 AD 23 98 20 95 27 92 26 93 04 94 21 93 02 9B 27 93 27 1D 
93 29 96 19 28 92 24 92 25 02 94 26 16 94 1C 1A 92 15 0A 1D 92 20 16 92 03 
92 0C 95 12 92 0D 27 93 29 92 08 92 0F 92 29 96 16 27 92 15 16 93 07 23 92 
15 95 16 0F 0D 92 06 92 1B 92 0D 16 93 1F 9A 17 15 28 25 92 17 04 1F 10 08 
92 0D 1F 92 17 10 92 0A 26 14 94 28 98 28 18 16 93 1A 29 16 0D 23 29 01 29 
19 04 11 16 17 29 03 14 15 14 1C 28 18 01 22 1A 0B 07 2B 1E 18 14 0B 29 03 
21 06 2A 06 09 29 25 1C 0E 04 2A 18 11 17 06 2A 12 91 91 30 01 2B 01 01 2D 
06 29 0A 29 0A 24 2A 04 14 92 29 11 13 17 1D 03 92 24 9A 29 25 28 15 92 13 
09 92 28 92 14 24 B8 28 93 27 27 94 12 92 21 95 1B 04 15 27 03 29 93 27 92 
07 29 12 02 95 02 98 24 92 28 A3 1F 99 25 A2 19 9D 1E 9B 21 93 28 9B 22 92 
03 25 93 29 92 22 97 1A 92 28 92 1C 9C 26 93 18 93 1D 1B 07 98 1A 96 24 92 
1F 94 28 24 0A 94 0D 08 93 09 93 1A 28 92 22 95 1B FA FC 96 01 98 1E 20 29 
02 1C 02 99 11 29 A5 25 19 96 27 A2 26 28 96 1A 07 94 25 92 0C 28 02 95 21 
1C 94 10 0E 0A 1A 01 2B 14 01 92 28 17 92 01 93 29 0F 13 2A 16 17 92 01 95 
10 1E 29 12 2A 19 29 95 29 1C 26 92 2A 1C 29 27 92 14 21 05 06 20 29 27 94 
1A 23 92 17 19 27 09 93 0A 2A 03 09 03 1C 28 29 92 04 03 29 0D 93 27 06 1C 
2B 01 29 01 29 02 2A 03 2C 0B 29 04 2A 01 0C 91 91 29 06 2C 02 2A 03 29 0B 
29 07 0E 18 11 04 03 02 07 21 0A 05 25 0A 0C 0D 92 1E 95 01 1F 94 15 93 28 
9B 1C 95 18 26 22 93 1A 28 A5 0A 1B 98 16 A0 01 1D 20 9E 06 96 01 0B 18 92 
18 9B 28 96 28 19 9B 24 21 95 1A 26 92 2A 92 19 9E 0D 92 27 92 1C 08 9C 28 
B3 1C A6 14 AF 1B 95 08 93 20 92 11 28 A7 1F 93 19 0B 92 21 94 11 95 08 93 
16 94 25 12 03 92 1C 11 93 18 96 1B 0C 0E 22 10 1A 0B 9A 20 92 14 92 19 02 
92 03 93 26 15 08 92 08 19 05 10 25 15 29 1C 92 29 16 1D 92 08 1C 05 0A 29 
01 27 02 0B 19 92 0C 92 26 16 15 18 18 16 19 15 18 1A 17 15 18 14 09 18 27 
93 28 0D 0F 0D 29 0D 09 13 1A 1A 02 92 16 0F 29 0A 09 0A 0D 17 19 18 07 1E 
23 16 29 0F 14 12 0F 29 05 17 29 12 92 29 1F 1D 1A 16 2A 09 04 2A 03 29 14 
2B 0B 11 10 12 0C 09 2C 02 91 91 36 03 2B 06 29 01 29 0E 2B 15 2F 0B 0A 01 
29 92 2A 1D 0A 0E 2B 01 01 03 03 06 04 07 06 12 29 0D 05 92 15 2D 1D 14 0E 
11 0C 92 15 29 08 1A 15 0A 92 29 18 05 04 29 06 22 07 93 0E 9B 29 02 93 1E 
93 25 99 11 0C 92 11 92 28 9B 14 92 16 9E 19 26 99 1C 18 92 11 95 1F 93 29 
94 15 98 14 95 1E 93 15 92 29 94 25 93 07 10 16 9A 21 1B 98 03 97 26 95 16 
94 27 93 1B 92 17 93 0C 9B 22 21 97 26 05 94 1B 9B 21 96 19 0B 9F 17 92 FA 
FC 26 92 28 93 16 1F 93 0F 95 12 92 07 92 17 13 93 1B 1E 93 0C 92 1D 92 14 
0F 95 0A 92 15 9A 06 28 22 96 24 9C 0F 13 93 02 93 19 93 05 94 24 05 AD 04 
08 15 1D 97 26 07 0B 08 1E 92 29 19 29 0D 20 94 19 92 0C 01 29 18 0F 92 1F 
1A 18 0E 92 26 2A 18 02 0E 92 03 29 02 01 15 17 15 17 29 03 03 06 2B 28 15 
16 29 92 0B 0A 08 92 01 08 07 07 05 05 06 0F 2E 18 04 17 2A 02 2B 08 01 0B 
14 13 01 0A 15 0F 01 29 07 91 91 39 04 2A 05 1D 2B 03 30 08 1D 92 29 0E 2C 
92 04 2C 06 0C 92 29 05 29 09 09 29 06 29 02 92 29 0D 09 29 1E 29 12 29 12 
0F 07 20 20 29 25 95 01 93 29 0A 29 27 92 18 93 01 92 1B 95 17 0E 11 1B 92 
28 92 28 99 1E 92 27 93 14 95 09 02 94 27 93 20 92 04 05 94 08 28 93 23 16 
0C 92 29 0A 06 92 02 01 94 26 96 28 95 12 92 1D 92 26 93 1B 99 24 0A 09 16 
9B 0E 09 9F 01 16 92 12 29 04 96 1A 10 05 92 03 25 29 09 9C 01 07 05 11 1A 
01 92 01 1E 9A 08 92 0C 98 25 05 2A 10 28 92 16 96 25 92 29 06 05 27 28 99 
0F 93 13 92 1B 98 1E 95 12 2A 92 01 92 28 95 28 26 28 97 27 94 19 94 1F 95 
14 92 0C 92 28 29 03 1B 15 94 28 09 28 93 2A 19 9A 1F 93 1C 1F 94 27 92 18 
93 1A 16 29 28 29 18 15 29 09 29 94 2A 25 02 0B 18 92 29 22 92 2A 26 95 03 
29 27 1B 92 29 28 20 93 28 93 06 96 16 19 92 29 92 04 29 18 1C 27 1A 14 92 
02 03 18 29 0C 2A 1A 07 29 92 19 03 29 92 29 19 92 1C 21 18 2A 92 24 1E 17 
14 10 0F 14 09 06 04 0E 0B 08 2E 02 2B 03 29 0D 29 01 91 91 2E 03 2A 15 2A 
16 02 15 18 18 29 0D 0D 03 04 01 03 0C 92 09 92 01 29 04 29 02 04 05 05 05 
07 08 14 0E 92 0A 01 92 1F 1B 10 1C 07 29 94 23 25 26 21 27 92 29 1C 27 1C 
93 05 93 0E 12 94 1A 94 23 92 29 15 92 1F 29 22 92 1C 92 12 92 05 29 11 25 
94 16 0E 92 02 07 1E 94 16 92 11 13 A2 15 21 28 17 0E 09 92 0D 29 93 27 05 
92 29 93 23 96 15 95 28 92 28 94 08 94 0D 9A 25 A9 25 03 24 9B 08 9B 18 92 
13 08 05 1E 1B 92 1A 92 23 95 20 18 93 26 0B 94 15 92 28 92 02 08 93 15 96 
1E 93 20 99 08 92 05 92 1C 96 14 24 92 27 24 92 0D 97 FA FC 94 20 11 1D 98 
08 1C 92 1C 25 19 92 22 14 17 93 1A 21 94 1D 96 02 92 22 95 27 27 06 1F 08 
28 92 24 94 15 15 92 12 95 1E 26 0C 97 21 A0 08 94 20 95 04 29 01 92 0D 93 
29 1E 93 13 92 17 28 11 21 0A 04 93 2A 02 17 29 92 16 26 94 01 02 95 1D 18 
0D 16 92 1C 21 95 0E 01 93 13 05 1E 16 15 1D 92 04 29 07 02 07 04 29 1E 24 
29 0C 2B 17 15 05 2D 0E 0A 0A 09 29 02 2A 14 29 06 04 05 04 29 0B 09 08 08 
07 04 04 29 0A 91 91 3D 04 2B 12 29 07 0A 2A 19 10 0A 09 2A 04 03 01 01 2A 
0B 04 02 01 0A 13 0B 11 03 19 27 15 22 17 0A 1B 29 01 0A 29 96 17 02 93 1F 
92 13 1A 27 93 1B 1E 08 92 22 18 01 02 29 20 1D 08 0A 17 19 27 27 04 93 1D 
03 27 95 28 0C 92 09 27 92 0F 2A 92 08 14 98 29 19 97 23 93 0D 96 19 29 23 
2A 23 29 02 92 29 1C 0F 29 93 29 06 10 96 1E 92 01 29 92 15 1D 0F 94 28 10 
26 0A 92 1E 92 18 21 29 92 29 92 1D 96 12 92 22 28 92 0E 95 03 28 29 22 2B 
94 20 92 29 1A 94 20 16 29 93 10 1D 05 93 01 29 0A 96 09 19 9E 27 96 0D 12 
94 28 93 29 16 17 28 04 94 01 1C 29 24 17 16 94 12 28 21 93 21 97 05 9B 16 
93 01 29 94 14 94 17 26 0F 27 01 29 04 93 15 29 92 24 28 04 93 24 94 11 17 
96 28 98 02 93 20 92 13 28 28 93 1D 07 92 05 18 94 0B 28 26 92 29 15 18 27 
0D 29 97 06 0B 26 06 19 29 09 1F 10 18 0F 20 29 02 22 23 1F 28 29 14 08 05 
26 29 92 0F 92 12 25 92 29 1B 17 1E 24 1D 92 17 1C 28 97 29 92 1C 11 0C 15 
2B 0E 01 92 08 0F 92 14 93 14 16 06 23 23 24 19 1D 1D 10 92 0C 05 06 28 20 
26 92 29 08 2A 04 07 09 07 0A 0A 0A 0C 06 02 08 0A 14 18 17 29 1C 0E 2B 02 
01 04 05 03 0C 29 02 29 0A 04 01 2A 08 2B 05 29 0C 06 0E 04 91 91 2C 07 2E 
04 14 29 13 29 01 02 11 29 01 06 02 21 22 20 28 92 13 17 04 0A 09 13 1E 92 
0A 29 0D 02 09 09 01 03 0A 06 18 29 92 0C 93 01 92 18 9B 1B 29 19 93 18 1C 
93 1A 92 06 96 29 1F 99 22 A5 1F 92 28 99 13 1A 29 01 0B 94 03 9E 1E 93 29 
97 28 92 1E 29 06 0D 98 29 07 92 03 94 05 03 15 0A 94 24 9D 13 19 93 16 95 
28 92 21 94 29 24 92 0E 0C 19 15 1B 9C 1C 04 20 94 21 9D 17 13 93 0A 02 A3 
14 98 22 96 23 99 FA FC A6 24 92 1F 97 1B 25 97 28 97 03 16 92 0D 9F 05 93 
01 08 94 1F 1C 20 1D 05 93 29 99 1A 1D 93 0F 9C 28 17 92 27 93 12 14 0C 93 
1A 93 08 29 97 02 17 25 15 20 29 99 09 09 2A 0C 18 02 15 96 02 29 92 1B 1B 
0A 1B 95 29 03 92 1C 15 29 0A 93 04 22 0D 2E 01 92 2B 0B 30 28 2B 19 29 06 
06 91 91 3E 04 30 07 09 29 92 02 01 07 0D 92 29 92 0D 11 0E 10 14 16 15 19 
0F 04 29 07 05 05 04 0C 11 14 29 09 05 0B 17 01 0D 09 06 14 19 17 29 02 92 
16 93 0E 17 22 1D 0D 0B 2A 0C 2C 04 2A 05 0D 18 18 16 02 17 2C 18 92 1C 1C 
0F 0D 29 02 01 92 03 92 29 07 1A 19 2A 09 0D 92 29 11 29 92 29 17 12 19 1C 
1D 18 29 22 27 1F 28 1D 92 1F 96 20 92 1D 1C 0C 29 1D 29 07 1C 29 21 92 04 
92 04 28 24 21 95 29 92 15 92 0E A0 21 94 1F 16 93 28 23 29 92 10 01 93 14 
21 1B 92 0D 05 92 24 28 95 04 1C 93 26 93 0D 1C 96 04 01 1A 01 95 1E 95 28 
15 12 04 11 0A 96 29 22 13 92 27 13 29 16 15 10 14 92 16 11 01 29 01 06 09 
1C 93 26 0D 92 02 05 24 93 1F 92 27 28 0C 18 95 16 16 1B 1A 92 05 13 29 18 
02 04 18 1C 1D 16 92 1C 94 0E 25 92 1D 92 01 13 11 99 1D 0A 07 13 93 06 1A 
94 22 92 29 92 0A 04 09 94 1D 12 1A 93 04 29 0A 19 28 99 29 1A 1C 26 29 1B 
03 92 20 12 2A 1A 94 02 1E 06 29 11 05 12 29 02 16 29 28 29 16 17 1C 26 1E 
14 12 01 29 92 08 0D 11 1B 29 02 01 09 29 08 18 27 29 01 92 23 0F 0C 0E 06 
0F 14 0E 0F 0E 0D 14 17 06 19 17 29 14 0D 16 29 01 07 05 01 29 03 02 29 06 
2B 02 02 03 2C 1E 17 29 92 02 2A 02 04 07 06 04 04 2A 03 02 30 02 32 14 09 
07 04 04 03 04 03 91 91 37 01 32 04 18 03 01 2D 1B 29 1B 29 09 29 23 29 1A 
1F 28 1F 29 06 1B 28 92 29 0B 29 92 0D 0B 09 0D 2B 19 92 15 08 29 14 92 28 
27 0B 10 17 17 20 02 03 09 27 07 0D 09 08 1A 08 21 07 12 1C 1D 93 12 93 1A 
20 94 24 92 20 0A 92 22 1E 19 29 21 93 02 93 2A 21 92 1F 0B 29 06 1F 92 07 
92 0A 19 1A 01 28 03 92 17 93 27 02 92 07 99 03 11 95 27 29 25 93 1D 94 21 
95 18 14 92 02 22 98 14 07 15 97 1F 11 0A 92 23 A2 01 19 98 1D 92 28 96 06 
92 1E 0C 21 0E 9C 0B 9A 1F 93 28 92 15 20 92 1B 99 17 2B 1F 17 29 05 07 29 
1A A3 FA FC 95 16 96 1F 92 17 A0 1B 96 1F 0C 93 1F 92 0F 14 18 24 0B 22 28 
92 13 12 95 29 1B 13 A4 29 07 0B 17 93 04 11 1B 98 26 15 99 04 09 93 0D 10 
08 92 28 98 1D 14 04 10 0C 03 10 01 26 93 1E 17 17 05 15 29 07 07 23 24 06 
18 0F 0C 96 21 0C 23 25 21 93 05 29 21 0B 29 92 2A 92 2A 02 2C 02 05 08 11 
0F 2A 0A 2E 08 32 14 05 29 02 2E 05 01 08 91 91 30 01 02 2D 01 2D 01 2C 01 
02 06 01 2A 03 05 08 09 12 07 13 29 03 02 01 06 16 29 03 03 20 25 27 26 22 
07 05 13 18 29 05 18 11 29 1D 27 2A 28 22 10 29 1F 26 29 92 19 21 27 95 21 
93 2A 93 29 1C 13 28 05 06 15 93 0F 16 26 04 1A 93 29 02 21 92 22 96 25 23 
93 10 15 93 0E 92 01 05 96 07 29 93 1B 1C 94 17 92 19 29 92 29 1F 1F 94 20 
26 92 24 92 15 09 16 1D 15 96 13 92 16 20 21 92 04 27 9B 1D 92 0A 94 08 92 
15 95 1D 29 12 93 0A 28 95 29 26 92 28 29 94 15 97 28 9D 20 93 17 16 25 24 
1E 0F 92 14 97 15 13 92 26 96 0A 0E 29 93 16 1C 12 93 28 9F 1F 93 04 20 1B 
92 1C 2A 14 1E 93 24 A3 21 A0 01 0D 11 27 0E 07 03 04 04 1A 94 0C 17 18 11 
96 29 93 19 92 05 9E 06 02 08 95 28 95 06 1C 04 0A 14 01 17 16 04 02 29 0B 
1D 93 0E 02 93 1E 2A 05 0A 2A 05 12 05 29 18 05 92 2A 10 08 2C 09 02 11 29 
04 96 2C 16 2E 18 92 02 96 19 16 1D 92 03 92 27 1F 93 1C 96 02 16 01 29 11 
2E 0A 2A 01 2B 05 14 29 02 2B 02 2A 05 01 07 29 03 03 01 07 91 91 38 01 2C 
03 2A 03 29 01 0A 13 21 29 03 22 1E 28 28 93 29 08 0F 92 29 15 13 1F 2A 0F 
0E 0C 0E 29 04 1A 24 25 29 0C 15 20 93 2A 16 05 29 03 08 09 28 0E 29 24 1B 
29 A1 16 0B 1B 92 0A 29 1B 92 27 97 0D 92 10 9B 29 92 29 27 1E 0A 2B 92 0D 
28 0F 26 1A 02 18 27 21 92 02 15 29 01 13 27 29 02 93 19 0A 17 29 1F 07 16 
1F 92 07 09 02 08 08 12 18 29 09 94 1E 92 24 92 0B 04 16 1B 14 2A 06 01 29 
16 29 22 01 2A 08 02 29 04 92 07 A0 04 0C 19 93 16 2A 92 29 9D 0C 28 94 1C 
0A 93 0C 97 15 94 1C 92 04 02 16 14 04 05 1F 0C 1C 20 1A 14 0E 21 0C 93 1A 
92 24 92 28 22 9F 29 26 16 04 24 0C FA FC 95 16 92 01 29 1D 95 26 29 95 07 
92 29 0E 2A 1D 93 01 97 26 97 22 1A 92 0A 95 12 A6 18 1F 04 05 20 92 22 2A 
13 93 06 29 09 25 10 27 26 09 19 06 29 14 0F 01 0A 0A 95 01 01 12 01 1A 15 
29 01 01 01 07 92 10 03 92 1E 94 10 19 08 03 15 92 28 02 2A 0A 2B 02 1A 29 
17 10 0F 04 03 06 06 92 05 0B 92 18 92 13 2B 16 29 11 29 0D 06 03 92 02 0D 
28 1A 92 29 10 06 20 03 2A 04 0B 2C 03 2B 10 2E 12 2A 02 01 29 05 91 91 3D 
05 29 01 29 02 01 01 2E 0B 2A 01 29 0A 01 29 1A 29 01 0F 0C 02 03 0A 10 0C 
02 21 15 22 11 16 29 1E 06 27 92 19 09 06 03 16 1B 05 14 0E 0D 92 1B 29 21 
92 21 29 93 19 11 08 22 94 25 10 29 1E 13 29 06 2A 09 1B 19 1A 29 04 93 0D 
29 1E 21 92 11 06 1E 92 01 22 92 08 92 23 08 05 2A 1A 07 0D 1A 13 0E 05 0B 
92 06 17 93 26 92 1C 9F 15 92 1C 92 18 10 92 01 9C 23 29 1E 09 12 07 94 02 
1F 9B 02 92 08 2A 1E 0A 9F 0E 21 17 29 94 23 93 14 21 95 1C 94 27 9C 06 9C 
1A 27 19 97 27 96 0F 92 0B 26 25 06 94 07 96 25 92 27 17 93 1E 0C 1F 19 02 
95 27 18 95 10 92 20 9C 26 0B 25 96 10 93 14 24 9B 1E 25 93 17 9B 16 92 21 
93 12 25 1E 05 20 92 25 9B 03 94 01 15 95 26 29 04 A1 0A 1D 0C 0C 16 20 28 
92 22 92 17 05 93 02 96 16 29 04 07 09 01 01 29 94 08 08 14 0A 92 09 01 29 
1D 22 93 09 06 2D 1B 0D 07 29 03 2A 05 2A 03 03 29 16 2A 17 28 22 2B 01 36 
03 2A 05 91 91 49 03 29 03 2B 02 2A 01 01 29 0C 29 06 18 29 11 0A 93 22 1C 
29 05 01 25 29 04 03 05 1B 28 21 92 07 95 09 18 19 06 1A 05 0A 1C 16 94 28 
09 93 25 92 29 28 21 94 16 1E 12 97 22 04 9B 16 1B 03 1B 29 95 04 07 1A 04 
08 28 1F 08 92 29 99 16 17 04 93 21 92 04 17 26 1F 04 2B 22 93 05 11 93 1A 
93 0A 95 29 24 94 1E 99 29 1C 12 03 92 1D 1E 92 1B 97 29 93 18 92 15 28 21 
20 92 13 94 19 93 08 0E 12 92 28 19 22 93 28 92 09 98 04 93 1A A1 12 97 08 
0F 92 27 1E 97 0B A1 07 17 17 9C 1D 28 92 28 92 FA FC 9B 08 92 21 9A 19 98 
27 14 06 94 28 14 9A 27 99 1E 9F 28 AA 26 9B 19 99 06 16 0D 22 0B 93 19 09 
92 1D 19 93 2B 14 0F 01 0B 07 19 92 0F 95 01 2B 1C 29 93 05 2B 0E 29 19 01 
29 0B 0C 2D 03 16 13 29 04 2A 02 2C 03 29 08 02 2A 01 2C 11 0F 29 06 2A 0F 
34 05 91 91 37 01 2C 01 29 03 29 01 01 01 08 01 2D 03 05 10 0B 02 08 09 18 
02 29 07 92 14 03 0A 10 29 15 1F 22 92 14 29 01 02 93 24 29 08 29 22 29 02 
29 1A 92 0A 29 01 17 96 26 06 92 23 0D 0C 2A 0D 23 92 06 92 29 93 15 29 27 
26 9C 0C 08 03 0E 03 0C 92 21 97 19 99 1B 99 18 94 10 93 04 29 03 96 13 09 
29 26 21 92 0B 9A 2A 95 04 02 1B 94 2A 18 9D 24 9A 1F 92 29 93 02 92 25 9B 
29 22 98 22 9B 10 03 94 25 92 09 15 0A 93 26 02 29 28 06 04 29 9D 22 93 1C 
96 18 0D 92 28 16 02 1F 93 03 9B 0B 04 21 94 02 A0 16 19 94 09 98 0B 2A 9C 
28 AD 27 9B 10 93 26 94 04 12 1B 92 10 03 01 9A 29 92 11 1C 0D 96 1C 24 92 
2B 04 92 29 12 2A 1A 23 29 92 29 93 1C 92 14 2A 01 03 0E 03 0C 05 24 92 11 
1C 03 23 2A 01 0D 29 14 0D 0D 20 27 26 27 18 1A 29 04 03 29 03 01 29 06 29 
03 2F 03 2A 09 2D 01 91 91 38 01 36 0B 0B 29 18 1F 07 09 21 27 27 14 29 12 
23 29 0F 01 29 0F 05 05 0F 10 09 1A 1F 26 16 1C 05 92 07 22 29 05 02 93 28 
92 0F 92 26 92 1C 92 29 14 95 1F 93 02 93 03 29 15 12 95 25 19 03 92 1F 95 
19 98 01 92 1C 02 04 27 92 23 25 92 15 98 0E 21 94 27 0D 99 14 96 01 27 09 
07 02 29 94 1B 93 19 05 93 26 04 1E 27 93 14 1B 9B 29 92 26 99 29 92 29 05 
29 08 29 97 20 02 92 17 1E 9B 02 27 96 18 02 0C 1F 01 01 2B 92 12 0B 99 04 
19 19 99 28 1B 93 01 29 97 08 95 03 29 92 14 11 04 1A 95 0E 29 92 23 94 FA 
FC 93 23 9F 1F 09 93 25 02 95 1D 1D 93 20 28 93 16 94 1E 93 27 16 21 92 07 
29 94 29 92 0A 93 01 16 9C 1C 94 0B A3 12 03 95 0C 92 0E 27 92 11 14 93 29 
92 06 1B 13 92 14 92 28 93 0D 29 96 22 28 14 94 19 03 04 04 02 04 92 09 05 
02 29 10 29 08 13 10 93 2A 08 06 1B 10 06 23 01 12 04 02 02 2A 1F 0C 1F 1D 
17 0D 29 05 12 09 12 29 07 34 02 29 08 31 08 91 91 3B 04 38 05 2C 15 18 2D 
03 2A 95 16 0A 02 15 14 15 08 92 19 0E 1B 1C 17 12 2B 22 09 18 1E 93 20 28 
1B 92 17 22 02 14 29 92 29 13 02 09 03 92 15 1C 1A 08 93 03 03 92 29 06 04 
0B 02 29 28 29 05 04 29 92 16 29 12 06 92 2A 0A 20 23 93 29 93 0A 14 28 17 
93 06 03 12 29 0E 26 93 0F 0C 9E 1B 1C 0D 29 93 0B 01 29 19 29 97 11 92 29 
09 96 02 29 9B 15 02 95 16 97 12 93 05 12 92 04 15 92 19 18 14 92 24 29 92 
2A 12 04 93 24 9B 1C 28 96 1C 93 1F 92 0C 92 27 98 22 93 29 93 0E 92 25 08 
22 92 17 92 29 09 1E 92 29 93 05 99 19 92 29 92 17 99 25 23 22 95 12 1E 9D 
25 93 05 97 19 23 28 94 16 98 0E 93 26 93 11 93 10 29 1B 94 27 18 93 29 1E 
06 19 92 22 27 98 1B 9E 01 15 29 93 18 92 09 01 92 08 05 28 1B 93 28 96 27 
27 02 18 10 06 0F 05 13 29 10 0F 14 1B 06 12 93 05 29 03 0D 92 28 29 09 29 
0C 2B 14 1A 15 03 04 2A 03 29 02 0C 02 29 02 19 03 2B 01 01 29 07 29 16 16 
04 19 29 03 11 01 03 02 2C 0B 14 1F 2B 02 2C 01 2B 0D 09 2D 01 0A 2B 07 91 
91 37 13 30 03 2D 04 2A 03 0D 11 2A 92 29 16 0D 29 19 1E 29 09 09 18 01 2A 
02 0B 01 02 18 22 02 01 1E 29 09 05 0E 2B 02 0B 06 09 14 29 13 09 01 18 29 
18 0F 25 28 20 29 0D 01 2A 09 2A 92 09 16 29 04 17 29 0C 2B 92 29 10 29 1B 
01 29 19 93 10 29 19 29 05 1D 1E 05 28 0B 18 29 08 08 09 2A 1B 23 29 18 29 
19 29 27 27 92 28 02 14 29 96 17 13 92 29 25 13 92 01 0B 04 04 15 14 11 93 
27 1A 06 92 21 26 92 12 29 92 02 92 14 92 29 07 29 1D 29 0A 29 24 97 19 93 
0B 93 10 12 2B 05 02 01 29 0F 0A 0C 92 05 93 1B 9A 2B 92 22 29 1E 98 02 20 
93 01 07 92 14 94 07 97 17 95 29 9A 18 29 96 18 93 09 94 1A 93 1B 9A FA FC 
92 17 93 28 92 1F 99 27 94 0C 9A 29 99 1E 0B 07 9D 13 92 1A 94 0B 15 04 92 
18 96 1F 92 0C 92 05 19 1F 16 15 93 1F 15 04 29 02 03 92 29 02 97 12 1F 93 
2A 05 21 29 0A 29 05 2A 17 29 09 01 26 1B 1C 29 94 14 09 28 A8 0F 92 15 2A 
04 08 2B 04 2F 01 2E 0E 0C 07 04 1B 29 07 30 0A 2E 02 02 2D 02 91 91 5A 03 
0A 02 07 03 2E 19 27 2D 20 23 27 2C 0F 02 2A 05 0B 29 06 29 27 05 2B 15 01 
29 02 28 01 29 0A 14 01 07 93 17 29 95 08 92 13 0F 2A 0B 29 03 29 1A 19 2A 
01 29 09 92 29 93 0A 03 27 2A 08 29 0B 1A 16 1B 07 29 03 16 92 23 26 21 2A 
13 01 2A 92 12 93 2B 93 29 1E 07 04 11 2A 92 25 0A 05 01 1B 92 01 92 29 07 
93 2A 92 1C 29 93 19 98 29 1A 04 2A 06 09 0A 01 11 1B 29 0A 2A 26 08 29 93 
29 0C 26 29 16 92 1B 94 29 92 16 08 2B 04 93 24 9A 29 92 16 29 0C 2A 08 92 
14 29 92 2A 16 18 0C 01 0D 17 29 28 95 0C 06 15 1B 2C 08 26 92 1F 1B 95 07 
07 10 03 94 1B 29 1A 01 1F 2A 12 29 92 16 29 1D 92 0B 96 0B 27 96 29 0F 92 
14 94 1D 27 05 29 0B 1B 04 97 24 08 06 93 29 95 28 93 12 92 0D 99 1F 1D 93 
21 29 16 01 05 29 01 02 08 0A 15 05 92 0D 27 09 16 94 09 92 08 0D 29 0F 9D 
0C 1A 29 0E 17 07 13 29 08 27 93 12 07 29 15 29 03 16 29 1B 12 02 1B 2D 04 
29 03 29 04 2B 01 29 0A 05 2A 01 2A 0B 2A 06 2B 05 15 01 10 29 03 19 2A 10 
02 29 1B 93 11 29 02 29 17 29 09 2A 1A 2D 04 02 2E 08 01 91 91 55 01 2C 01 
2F 07 04 06 10 2A 01 29 04 15 06 17 03 15 29 1A 19 04 1B 29 18 1C 19 1C 02 
14 2A 06 93 24 92 29 92 1A 01 0C 2A 22 29 28 07 92 1F 29 92 29 23 25 2A 0B 
19 03 1D 92 20 92 26 29 97 15 22 1C 29 10 92 29 08 28 01 05 2A 17 27 26 06 
02 1B 25 92 18 29 08 04 22 2A 22 2A 15 29 17 29 16 0C 04 09 02 24 92 0B 92 
27 29 1D 02 26 29 25 93 26 04 92 1A 18 0F 04 2A 05 0A 09 29 06 17 29 92 1B 
19 29 92 29 93 29 14 92 0B 29 17 1A 05 1B 29 92 1A 2A 93 28 92 1B 12 06 01 
03 24 27 29 01 08 06 1B 27 0E 12 92 0E 14 21 24 92 01 92 2B 10 92 1F 92 07 
17 1B 08 03 04 16 92 09 0C 22 92 05 27 1A 92 1B 26 25 21 29 24 1D 19 97 0B 
93 23 0B 95 29 05 1B 95 28 15 08 92 0D 93 29 20 08 01 29 95 25 92 FA FC 0A 
94 27 16 1A 92 29 93 1C 29 97 2A 93 11 0B 92 16 10 14 28 1E 92 1F 03 28 9F 
27 0F 02 16 0F 27 29 92 26 04 29 1D 10 92 0F 0A 0B 92 0A 92 1B 92 28 16 29 
1C 2A 0A 0C 0F 21 1D 28 29 0D 2B 17 03 93 23 93 1A 92 29 94 23 92 29 15 0A 
1F 29 01 29 0B 29 02 2A 05 0D 0A 19 03 01 2B 09 2C 12 2D 01 14 05 29 92 02 
03 2A 0A 29 03 1C 92 09 29 08 2A 01 2A 02 29 02 2E 0D 08 0C 01 02 2A 05 2A 
08 0B 06 02 2C 02 01 91 91 51 04 2E 03 29 01 31 02 29 01 2A 1A 29 02 29 06 
10 16 27 92 2A 0A 29 0E 2A 18 03 07 05 09 92 02 29 92 27 92 29 04 10 28 18 
93 09 92 29 07 29 06 06 08 1F 07 07 92 29 0E 09 92 2A 27 9C 2E 1B 29 92 18 
98 06 29 1B A2 27 2B 08 2A 0B 29 92 09 2D 02 92 2A 92 29 18 92 29 0B 29 09 
04 0C 92 29 92 02 07 93 13 2A 05 92 03 29 0F 92 29 02 92 29 17 29 04 29 16 
24 29 0A 29 1F 29 98 29 0F 29 04 93 01 26 1B 93 2A 19 09 26 2B 16 2B 0E 2A 
08 29 0B 2A 0A 01 17 29 03 2A 93 29 08 01 2C 12 18 2B 93 29 20 94 24 92 03 
2D 01 02 10 29 1A 29 16 21 2A 10 23 92 04 29 92 01 2A 14 2C 94 29 0C 11 29 
94 05 06 1A 2B 92 28 0B 9C 05 94 0B 29 02 29 26 07 02 2A 92 2A 1C 92 2B 93 
29 92 05 98 2A 92 2B 16 0C 2A 22 15 95 29 93 25 09 10 23 94 29 92 17 2A 17 
29 16 97 19 19 04 17 02 10 18 0D 20 0F 29 06 2A 1B 93 14 22 29 02 29 17 29 
1E 92 29 21 16 29 05 21 21 06 92 01 1E 14 2A 93 1D 20 15 1A 1D 06 0F 2A 04 
2A 04 2B 01 2C 01 14 29 01 2A 01 3B 02 91 91 74 02 06 45 07 29 01 2A 06 04 
2F 0E 1B 2E 03 2C 08 29 06 2D 04 2B 03 29 0F 0E 2A 09 08 09 07 13 29 03 29 
04 06 28 21 08 29 1B 28 2A 09 1D 92 29 02 29 04 10 29 07 28 92 05 29 0A 07 
04 29 09 2B 01 29 09 11 92 10 2A 06 29 05 28 19 1B 29 06 2D 0C 2B 10 92 26 
14 29 92 15 2B 02 29 92 07 1B 03 1A 29 1E 06 92 24 03 01 0A 2A 28 92 27 27 
92 15 14 0D 17 1A 29 92 0C 92 0D 24 92 22 29 0E 93 29 95 09 92 29 1B 92 01 
20 04 29 23 0E 12 07 04 29 22 9A 1E 26 29 0D 15 05 16 04 0B 92 04 06 92 27 
93 29 94 FA FC 29 92 19 1B 92 27 22 96 1C 94 03 03 29 01 07 22 04 92 03 92 
04 92 17 92 27 1C 26 23 94 0C 15 26 03 92 18 16 1E 05 29 06 15 92 16 2A 23 
23 1C 92 01 0D 01 12 02 29 0D 29 94 29 27 17 01 03 29 98 25 29 11 2A 92 2A 
02 20 2B 13 93 05 92 29 92 06 03 06 15 2A 17 95 0C 26 18 0A 92 0C 0B 02 29 
01 29 02 12 29 0E 29 22 14 92 20 92 27 92 04 07 08 29 17 01 92 03 03 2B 03 
29 10 27 30 0D 34 06 29 05 05 09 2E 0E 3C 02 91 91 4A 06 2D 04 2B 92 2A 09 
29 02 29 06 06 2A 1D 06 02 29 01 1C 01 2A 01 0E 92 2A 15 92 10 25 09 18 1A 
22 24 93 16 03 23 11 25 09 13 29 12 26 16 29 92 08 29 05 10 2A 22 18 19 2B 
23 29 A4 16 92 1E 29 93 06 29 0F 92 05 29 0A 0F 05 29 9A 01 93 1B 93 25 92 
04 1B 05 16 2A 02 0A 12 29 0C 0C 1D 0E 29 20 92 01 20 04 1A 29 19 05 29 13 
29 28 2D 0A 29 0C 01 1E 25 28 92 29 0E 07 92 04 16 93 04 2E 02 92 2A 92 23 
17 29 94 29 0F 1E 29 24 08 17 1C 0A 15 94 01 1A 92 28 21 28 29 05 29 01 17 
25 28 2B 14 2A 92 04 04 0D 01 0C 92 10 1E 1A 1B 1F 92 12 0D 07 04 29 1A 07 
19 17 14 02 0F 0D 27 11 92 21 22 2A 28 92 16 93 29 05 92 29 06 04 28 92 11 
29 27 94 26 22 9F 29 14 92 26 2A 20 29 93 29 08 9B 18 11 A4 29 92 07 0E 14 
92 10 29 9A 29 1B 92 0B 94 29 1D A5 25 10 29 08 93 03 92 1E 29 92 2A 0C 1A 
29 1E 01 29 0C 1F 93 0A 0D 93 17 19 0E 04 92 01 28 94 04 29 93 08 04 29 92 
01 2A 13 19 26 0A 2A 1F 2C 02 2C 01 2A 20 29 07 2A 02 13 91 91 5D 02 09 03 
29 02 29 03 01 08 08 08 07 2A 01 2E 19 1F 2B 01 2C 0E 1C 29 08 14 02 0F 29 
01 2B 0F 20 01 2A 1D 0E 01 92 11 12 20 29 0E 29 28 01 29 27 2A 07 03 29 0B 
1A 04 18 2A 19 2A 03 0C 1C 92 12 06 01 92 13 29 28 92 26 92 12 93 16 24 92 
19 26 1E 29 92 16 24 1C 27 19 22 94 02 29 18 17 27 92 27 28 02 28 92 17 05 
93 0E 0A 29 92 0F 02 2B 02 2A 28 04 06 92 08 29 27 29 19 27 29 15 20 16 0F 
10 18 98 26 92 2C 22 2A 92 29 15 19 2A 94 29 92 29 1B 09 2B 16 02 27 04 14 
18 29 92 0C 29 26 13 0E 09 24 1C 92 2B 27 29 98 27 92 11 28 29 25 29 17 16 
92 1B 29 27 92 2A 9C 2F 18 92 2A 08 29 28 18 29 93 2A 27 29 10 20 29 93 06 
29 16 FA FC 15 92 24 95 15 05 23 95 27 21 29 1B 23 29 0D 98 26 92 1F 94 29 
19 1A 99 17 93 04 97 29 96 29 14 92 2A 0B 07 05 95 1E 29 92 1B 19 92 29 21 
28 19 A5 04 1E 11 01 29 02 29 17 0F 01 11 06 1A 29 0A 92 15 02 2B 08 29 0C 
2A 23 2C 01 2A 19 2A 05 09 2A 05 2A 02 0C 20 16 29 0D 15 0D 1C 2C 15 0B 2B 
08 05 20 2B 01 02 29 05 06 05 05 2C 02 29 06 36 01 91 91 46 01 31 15 2D 16 
2A 19 2A 0E 29 09 02 06 29 0D 18 02 0F 2A 19 1C 29 10 0C 29 21 18 2A 02 2A 
1E 0F 0F 03 29 21 1E 02 29 21 29 92 29 0F 93 29 1C 17 29 1F 1A 1E 15 28 18 
29 17 92 03 92 0C 2B 10 29 0C 29 14 2B 17 18 29 01 08 0C 29 09 04 29 07 2B 
06 04 01 27 0E 0C 2A 0C 2D 0B 03 2C 13 29 15 29 15 92 0A 92 0C 0C 14 17 0B 
29 11 08 2E 06 29 10 18 0F 1E 21 29 02 2B 92 27 93 21 28 92 1E 93 22 92 1E 
27 26 23 27 27 92 04 11 21 29 23 94 0D 92 26 22 28 93 28 1C 1B 94 05 23 29 
92 29 01 29 1C 01 29 0B 29 01 07 1E 1F 29 01 10 15 19 04 09 1D 05 22 15 2A 
24 29 93 22 92 13 92 1B 0E 93 29 9D 12 25 29 28 17 07 92 1A 94 29 92 03 22 
96 28 92 06 94 06 A1 29 02 98 29 95 12 92 22 22 07 28 93 1A 0A 26 0A 98 27 
29 17 19 29 9B 29 12 29 14 1D 0F 01 92 2A 15 92 06 17 29 1B 26 17 0B 12 22 
04 92 29 92 18 94 29 06 97 29 1E 0C 19 92 0D 29 28 94 09 11 07 12 92 29 0A 
29 06 04 03 29 14 0B 1F 29 21 0D 27 19 17 2C 04 92 05 30 92 08 03 2C 93 27 
28 28 28 28 03 04 0C 0D 29 19 29 15 2A 06 2E 05 91 91 68 03 2F 03 2F 03 07 
29 09 35 15 2C 15 29 02 29 02 0B 0A 10 10 08 04 02 2A 01 2D 05 2B 04 0A 0E 
29 1A 92 1B 25 28 01 14 28 05 1F 0C 06 03 0B 0A 05 01 29 09 0A 29 15 2B 10 
2A 15 15 27 24 29 1B 2A 01 29 97 29 18 14 2A 10 11 0E 2A 23 29 0A 2B 02 16 
0B 29 23 19 24 11 93 05 92 1D 2A 01 29 0C 95 29 0D 08 2A 03 29 02 2B 92 2A 
07 2A 01 2C 1B 2A 92 26 11 29 27 29 06 2B 1E 28 03 29 1D 05 94 06 1A 2A 01 
22 02 29 02 29 92 29 92 09 13 09 92 0E 11 93 18 22 03 29 16 96 1A 29 93 02 
29 A5 28 9D 29 93 29 92 FA FC 96 22 93 2C 01 97 0D 01 29 1D 05 95 02 29 92 
09 92 07 29 12 99 29 99 01 94 22 07 2C 93 04 29 04 13 93 2A 27 14 93 08 29 
92 2A A1 1F 02 05 2A 16 01 2B 01 2C 0C 2B 14 1D 29 28 14 97 2B 94 1B 29 14 
2C 1B 09 29 06 01 92 03 29 0C 10 20 38 03 2F 01 29 03 34 01 91 91 58 01 30 
08 31 0A 2C 1C 17 2D 03 14 2C 03 29 0A 2B 1D 03 01 0B 04 29 01 0A 29 08 29 
0C 09 2A 14 04 34 08 01 92 29 92 14 2B 92 19 07 29 28 2B 08 14 1A 92 02 29 
1D 16 17 17 2A 03 29 20 29 17 2A 1D 1B 2D 92 1D 29 95 29 01 11 29 18 2B 18 
92 29 92 2C 20 01 92 29 15 2B 92 2C 18 01 27 2A 27 16 29 20 2D 26 92 01 2A 
19 25 27 0F 92 1F 2A 16 2A 02 22 29 17 2A 93 29 92 1D 07 2A 05 2A 07 9F 1C 
92 29 98 29 07 25 18 11 92 05 2C 94 25 27 92 0D 01 92 06 15 99 2A 9E 01 2A 
1D 14 2D 92 19 0E 08 94 10 92 2A 94 17 92 10 2B 92 29 0E 96 29 92 12 A7 15 
29 04 93 08 A1 29 92 08 93 2A 03 99 28 29 03 07 01 05 93 2A 04 21 03 18 0F 
92 2A 15 92 16 93 29 20 29 24 05 93 01 92 08 29 92 19 92 27 01 01 2F 92 11 
05 2B 02 07 2B 04 02 29 06 02 29 0D 02 03 2B 10 2B 01 29 02 2E 02 2D 0A 33 
02 91 91 58 09 22 2B 01 2A 10 2B 02 2D 1A 2B 12 07 01 04 04 2B 0F 2A 06 2C 
0C 07 18 05 02 04 07 0F 29 06 1A 03 29 1C 24 21 33 1A 99 2B 18 93 02 29 20 
0B 0E 07 92 29 0C 9C 29 0C 2A 0C 10 29 21 0D 2C 12 93 06 95 28 28 93 29 99 
29 0C 05 2B 92 29 19 29 14 29 93 29 92 28 92 11 1E 29 21 96 23 17 08 14 92 
1A 29 07 96 0C 29 95 25 29 16 04 17 29 93 03 95 26 28 2A 94 09 95 0E 29 12 
28 01 16 13 2B 04 2B 9A 0F 1A 21 92 26 9B 29 02 92 04 04 15 13 03 95 25 2A 
93 10 FA FC 27 1D 92 09 1D 06 92 01 21 93 06 98 01 0D 29 97 02 2C 1B 92 07 
92 03 92 29 0D 97 25 99 29 04 23 93 0C 16 09 2B 14 01 09 29 94 29 11 16 2C 
18 1B 29 02 19 92 19 95 2A 1C 29 0E 29 0A 06 2B 04 14 05 29 01 04 29 0C 29 
04 22 29 13 0F 11 13 29 18 2A 0D 06 29 07 02 2D 01 2B 05 02 15 05 29 11 0F 
2D 10 30 18 2F 08 02 29 10 1E 91 91 74 07 3E 14 0E 08 29 01 09 0F 10 08 29 
14 01 0C 0C 18 0B 10 06 20 29 02 29 01 08 0B 92 2A 1C 13 2A 10 02 03 15 1B 
96 10 14 29 15 2B 28 2A 92 29 21 2A 02 29 12 29 14 28 29 92 29 18 13 27 04 
92 04 16 20 29 92 29 0F 08 1E 92 28 0F 16 29 93 0F 0C 20 20 1B 16 29 1A 18 
0A 0B 16 18 14 11 0B 08 20 1B 92 28 92 01 29 26 29 16 93 29 05 0C 92 02 19 
0B 1B 05 94 29 0B 92 1A 05 14 92 29 92 14 29 04 29 0D 29 11 05 06 03 12 92 
06 29 28 93 29 92 29 92 29 92 10 95 2A 05 92 27 2B 1F 92 29 97 24 09 92 21 
11 0F 92 09 16 0F 02 12 93 12 1A 04 94 29 94 22 06 14 0C 98 03 92 15 1E 94 
26 92 29 92 29 1D 29 94 2A 08 29 09 1B 14 10 92 06 05 0B 22 05 21 92 06 93 
17 07 0E 98 01 28 29 09 13 29 1E 21 14 92 28 92 0C 92 05 04 96 06 2B 0E 2D 
08 29 02 14 92 25 16 29 14 08 29 01 21 29 26 27 04 07 20 08 29 03 26 06 0B 
29 93 05 95 14 14 92 01 1B 29 0F 29 15 14 29 09 96 0A 29 0D 05 1F 28 20 29 
02 02 19 04 03 2B 03 12 01 2C 1F 2D 04 18 2C 15 05 28 29 18 2B 07 2C 0F 25 
2A 09 2C 24 0A 2F 18 13 12 15 17 15 0E 18 0D 06 03 91 91 68 03 3B 03 2F 04 
05 2A 03 06 01 0D 2B 15 92 0D 2C 01 08 06 0F 04 2C 15 0A 2A 01 08 14 05 01 
15 1C 29 06 29 06 16 29 16 09 29 09 09 1E 26 22 1A 23 1F 29 17 29 01 01 26 
1D 1C 18 93 0F 0D 07 2C 03 2B 06 19 17 17 29 01 02 1C 0F 0E 0B 0B 29 04 05 
08 29 0D 14 18 

BAD ELECTRICAL CONNECTION!  Sorry.

Please disconnect recorder.